timestamp,temperature,distance,location_x,location_y,bpm
743,25.27377,4000.0,683.5035,864.9978,125
745,25.27377,4000.0,683.5035,864.9978,125
747,25.2942,4000.0,673.5999,852.6329,125
749,25.2942,4000.0,673.5999,852.6329,125
751,25.2942,4000.0,673.5999,852.6329,125
753,25.33372,168.938,681.7183,854.6315,125
755,25.33372,168.938,681.7183,854.6315,125
757,25.206,4000.0,665.1343,857.2028,125
759,25.206,4000.0,665.1343,857.2028,125
761,25.206,4000.0,665.1343,857.2028,125
763,25.11583,198.9929,656.0103,861.507,125
765,25.11583,198.9929,656.0103,861.507,125
767,25.255,4000.0,670.9747,855.7458,125
769,25.255,4000.0,670.9747,855.7458,125
771,25.255,4000.0,670.9747,855.7458,125
773,25.22061,186.0711,674.78,864.4861,125
775,25.22061,186.0711,674.78,864.4861,125
777,25.09917,4000.0,658.1846,866.2845,125
779,25.09917,4000.0,658.1846,866.2845,125
781,25.09917,4000.0,658.1846,866.2845,125
783,25.15768,4000.0,652.1833,851.4189,125
785,25.15768,4000.0,652.1833,851.4189,125
787,25.15768,4000.0,652.1833,851.4189,125
789,25.15524,181.8775,658.267,857.8776,125
791,25.15524,181.8775,658.267,857.8776,125
793,25.02566,4000.0,641.6605,860.379,125
795,25.02566,4000.0,641.6605,860.379,125
797,25.02566,4000.0,641.6605,860.379,125
799,24.94629,4000.0,638.0298,869.0212,125
801,24.94629,4000.0,638.0298,869.0212,125
803,25.08686,4000.0,652.2238,862.0267,125
805,25.08686,4000.0,652.2238,862.0267,125
807,25.08686,4000.0,652.2238,862.0267,125
809,25.14347,4000.0,646.7866,848.064,125
811,25.14347,4000.0,646.7866,848.064,125
813,25.10904,4000.0,651.5895,858.0134,125
815,25.10904,4000.0,651.5895,858.0134,125
817,25.10904,4000.0,651.5895,858.0134,125
819,25.01653,4000.0,648.6814,869.2742,125
821,25.01653,4000.0,648.6814,869.2742,125
823,24.95339,4000.0,633.2894,862.6927,125
825,24.95339,4000.0,633.2894,862.6927,125
827,24.95339,4000.0,633.2894,862.6927,125
829,25.0408,4000.0,630.4948,846.3354,125
831,25.0408,4000.0,630.4948,846.3354,125
833,25.02349,4000.0,633.7277,852.3201,125
835,25.02349,4000.0,633.7277,852.3201,125
837,25.02349,4000.0,633.7277,852.3201,125
839,24.96789,4000.0,635.3027,862.5884,125
841,24.96789,4000.0,635.3027,862.5884,125
843,25.08294,190.8256,651.464,861.8406,125
845,25.08294,190.8256,651.464,861.8406,125
847,25.08294,190.8256,651.464,861.8406,125
849,24.95569,4000.0,641.3679,871.1564,125
851,24.95569,4000.0,641.3679,871.1564,125
853,24.96734,4000.0,631.396,858.4401,125
855,24.96734,4000.0,631.396,858.4401,125
857,24.96734,4000.0,631.396,858.4401,125
859,25.04654,144.2654,641.0647,856.5533,125
861,25.04654,144.2654,641.0647,856.5533,125
863,24.9052,4000.0,625.6811,862.0015,125
865,24.9052,4000.0,625.6811,862.0015,125
867,24.9052,4000.0,625.6811,862.0015,125
869,24.87451,4000.0,630.4197,872.347,125
871,24.87451,4000.0,630.4197,872.347,125
873,25.02043,4000.0,640.1259,859.5601,125
875,25.02043,4000.0,640.1259,859.5601,125
877,25.02043,4000.0,640.1259,859.5601,125
879,24.96902,141.86,629.636,856.274,125
881,24.96902,141.86,629.636,856.274,125
883,25.3395,4000.0,666.6064,839.7924,125
885,25.3395,4000.0,666.6064,839.7924,125
887,25.3395,4000.0,666.6064,839.7924,125
889,25.22546,4000.0,643.7547,833.5563,125
891,25.22546,4000.0,643.7547,833.5563,125
893,25.21786,169.8325,644.1883,835.0178,125
895,25.21786,169.8325,644.1883,835.0178,125
897,25.21786,169.8325,644.1883,835.0178,125
899,25.10419,162.9005,641.6143,848.5306,125
901,25.10419,162.9005,641.6143,848.5306,125
903,25.05463,4000.0,646.3813,860.8888,125
905,25.05463,4000.0,646.3813,860.8888,125
907,25.05463,4000.0,646.3813,860.8888,125
909,24.91593,144.4983,630.9465,866.1204,125
911,24.91593,144.4983,630.9465,866.1204,125
913,24.89957,4000.0,634.4705,872.7363,125
915,24.89957,4000.0,634.4705,872.7363,125
917,24.89957,4000.0,634.4705,872.7363,125
919,24.8945,129.8037,635.4307,874.6618,125
921,24.8945,129.8037,635.4307,874.6618,125
923,24.77415,4000.0,624.4504,882.7463,125
925,24.77415,4000.0,624.4504,882.7463,125
927,24.77415,4000.0,624.4504,882.7463,125
929,24.84104,4000.0,622.1262,868.4919,125
931,24.84104,4000.0,622.1262,868.4919,125
933,24.836,153.8246,628.9965,877.2471,125
935,24.836,153.8246,628.9965,877.2471,125
937,24.836,153.8246,628.9965,877.2471,125
939,24.7506,4000.0,614.1257,874.6089,125
941,24.7506,4000.0,614.1257,874.6089,125
943,24.87291,4000.0,621.3078,862.3172,125
945,24.87291,4000.0,621.3078,862.3172,125
947,24.87291,4000.0,621.3078,862.3172,125
949,24.78064,4000.0,617.9025,873.852,125
951,24.78064,4000.0,617.9025,873.852,125
953,24.72239,4000.0,602.9691,866.1816,125
955,24.72239,4000.0,602.9691,866.1816,125
957,24.72239,4000.0,602.9691,866.1816,125
959,24.82823,4000.0,603.8003,849.6824,125
961,24.82823,4000.0,603.8003,849.6824,125
963,24.8346,4000.0,609.6707,855.3342,125
965,24.8346,4000.0,609.6707,855.3342,125
967,24.8346,4000.0,609.6707,855.3342,125
969,24.71485,172.9536,593.7715,856.4946,125
971,24.71485,172.9536,593.7715,856.4946,125
973,24.72341,4000.0,603.9311,867.1573,125
975,24.72341,4000.0,603.9311,867.1573,125
977,24.72341,4000.0,603.9311,867.1573,125
979,24.87773,4000.0,617.2637,857.0007,125
981,24.87773,4000.0,617.2637,857.0007,125
983,24.89005,197.9677,609.809,846.7699,125
985,24.89005,197.9677,609.809,846.7699,125
987,24.89005,197.9677,609.809,846.7699,125
989,24.90983,4000.0,621.0574,856.1376,125
991,24.90983,4000.0,621.0574,856.1376,125
993,24.78978,4000.0,609.777,862.7916,125
995,24.78978,4000.0,609.777,862.7916,125
997,24.78978,4000.0,609.777,862.7916,125
999,24.69016,134.3694,596.5476,864.0264,125
1001,24.69016,134.3694,596.5476,864.0264,125
1003,24.74104,4000.0,610.2158,871.6124,125
1005,24.74104,4000.0,610.2158,871.6124,125
1007,24.74104,4000.0,610.2158,871.6124,125
1009,24.89114,4000.0,621.7041,859.8248,125
1011,24.89114,4000.0,621.7041,859.8248,125
1013,24.85007,153.0265,611.2868,854.689,125
1015,24.85007,153.0265,611.2868,854.689,125
1017,24.85007,153.0265,611.2868,854.689,125
1019,24.85717,4000.0,622.5515,866.2999,125
1021,24.85717,4000.0,622.5515,866.2999,125
1023,24.91975,129.4589,637.1737,872.4145,125
1025,24.91975,129.4589,637.1737,872.4145,125
1027,24.91975,129.4589,637.1737,872.4145,125
1029,24.79774,4000.0,624.2052,878.2943,125
1031,24.79774,4000.0,624.2052,878.2943,125
1033,24.86974,4000.0,621.2343,862.7489,125
1035,24.86974,4000.0,621.2343,862.7489,125
1037,24.86974,4000.0,621.2343,862.7489,125
1039,24.88339,163.4503,628.9719,869.2352,125
1041,24.88339,163.4503,628.9719,869.2352,125
1043,24.88339,163.4503,628.9719,869.2352,125
1045,24.78951,4000.0,613.5051,867.1798,125
1047,24.78951,4000.0,613.5051,867.1798,125
1049,24.88556,4000.0,612.6527,850.6212,125
1051,24.88556,4000.0,612.6527,850.6212,125
1053,24.88556,4000.0,612.6527,850.6212,125
1055,24.90168,4000.0,619.69,855.9078,125
1057,24.90168,4000.0,619.69,855.9078,125
1059,24.77392,4000.0,602.5323,856.9888,125
1061,24.77392,4000.0,602.5323,856.9888,125
1063,24.77392,4000.0,602.5323,856.9888,125
1065,24.69301,4000.0,599.7708,867.431,125
1067,24.69301,4000.0,599.7708,867.431,125
1069,24.82086,4000.0,615.6221,864.3835,125
1071,24.82086,4000.0,615.6221,864.3835,125
1073,24.82086,4000.0,615.6221,864.3835,125
1075,24.91988,4000.0,615.8462,848.8364,125
1077,24.91988,4000.0,615.8462,848.8364,125
1079,24.84945,4000.0,614.9251,858.9062,125
1081,24.84945,4000.0,614.9251,858.9062,125
1083,24.84945,4000.0,614.9251,858.9062,125
1085,24.8965,133.9199,627.7975,865.7664,125
1087,24.8965,133.9199,627.7975,865.7664,125
1089,24.77992,4000.0,612.9791,868.1895,125
1091,24.77992,4000.0,612.9791,868.1895,125
1093,24.77992,4000.0,612.9791,868.1895,125
1095,24.86699,4000.0,611.3861,852.1171,125
1097,24.86699,4000.0,611.3861,852.1171,125
1099,24.87915,4000.0,618.4157,858.0649,125
1101,24.87915,4000.0,618.4157,858.0649,125
1103,24.87915,4000.0,618.4157,858.0649,125
1105,24.75561,4000.0,601.853,859.2278,125
1107,24.75561,4000.0,601.853,859.2278,125
1109,24.72408,4000.0,606.7408,870.4089,125
1111,24.72408,4000.0,606.7408,870.4089,125
1113,24.72408,4000.0,606.7408,870.4089,125
1115,24.87334,170.7262,618.7032,859.3176,125
1117,24.87334,170.7262,618.7032,859.3176,125
1119,24.83717,148.8773,609.1256,854.3033,125
1121,24.83717,148.8773,609.1256,854.3033,125
1123,24.83717,148.8773,609.1256,854.3033,125
1125,24.8721,4000.0,622.0023,863.2305,125
1127,24.8721,4000.0,622.0023,863.2305,125
1129,24.9352,131.5449,635.1292,867.6263,125
1131,24.9352,131.5449,635.1292,867.6263,125
1133,24.9352,131.5449,635.1292,867.6263,125
1135,24.8214,147.5919,620.5629,869.9899,125
1137,24.8214,147.5919,620.5629,869.9899,125
1139,24.91402,4000.0,619.9443,854.2509,125
1141,24.91402,4000.0,619.9443,854.2509,125
1143,24.91402,4000.0,619.9443,854.2509,125
1145,24.8868,4000.0,623.6552,862.7051,125
1147,24.8868,4000.0,623.6552,862.7051,125
1149,24.76387,138.7585,612.7462,870.663,125
1151,24.76387,138.7585,612.7462,870.663,125
1153,24.76387,138.7585,612.7462,870.663,125
1155,24.86494,4000.0,628.6401,871.928,125
1157,24.86494,4000.0,628.6401,871.928,125
1159,24.99816,4000.0,634.1248,856.601,125
1161,24.99816,4000.0,634.1248,856.601,125
1163,24.99816,4000.0,634.1248,856.601,125
1165,24.91998,177.0157,626.5101,860.557,125
1167,24.91998,177.0157,626.5101,860.557,125
1169,24.98731,150.6953,641.7406,866.4752,125
1171,24.98731,150.6953,641.7406,866.4752,125
1173,24.98731,150.6953,641.7406,866.4752,125
1175,24.85811,4000.0,629.8458,874.4529,125
1177,24.85811,4000.0,629.8458,874.4529,125
1179,25.12007,4000.0,633.6911,838.1824,125
1181,25.12007,4000.0,633.6911,838.1824,125
1183,25.12007,4000.0,633.6911,838.1824,125
1185,24.93183,4000.0,624.9109,856.9243,125
1187,24.93183,4000.0,624.9109,856.9243,125
1189,24.90682,139.5604,624.6071,860.5485,125
1191,24.90682,139.5604,624.6071,860.5485,125
1193,24.90682,139.5604,624.6071,860.5485,125
1195,24.95409,4000.0,638.5657,868.3477,125
1197,24.95409,4000.0,638.5657,868.3477,125
1199,25.09139,4000.0,655.3981,864.6107,125
1201,25.09139,4000.0,655.3981,864.6107,125
1203,25.09139,4000.0,655.3981,864.6107,125
1205,25.25389,4000.0,664.8293,849.9948,125
1207,25.25389,4000.0,664.8293,849.9948,125
1209,25.35161,4000.0,661.8344,833.7415,125
1211,25.35161,4000.0,661.8344,833.7415,125
1213,25.35161,4000.0,661.8344,833.7415,125
1215,25.32818,4000.0,666.2355,840.986,125
1217,25.32818,4000.0,666.2355,840.986,125
1219,25.18262,145.9288,658.2393,853.8187,125
1221,25.18262,145.9288,658.2393,853.8187,125
1223,25.18262,145.9288,658.2393,853.8187,125
1225,25.24448,4000.0,672.7567,858.9931,125
1227,25.24448,4000.0,672.7567,858.9931,125
1229,25.3529,151.4117,687.3114,857.0776,125
1231,25.3529,151.4117,687.3114,857.0776,125
1233,25.3529,151.4117,687.3114,857.0776,125
1235,25.2287,4000.0,674.6072,863.1119,125
1237,25.2287,4000.0,674.6072,863.1119,125
1239,25.30586,4000.0,670.5172,848.0814,125
1241,25.30586,4000.0,670.5172,848.0814,125
1243,25.30586,4000.0,670.5172,848.0814,125
1245,25.25823,4000.0,671.1334,855.4324,125
1247,25.25823,4000.0,671.1334,855.4324,125
1249,25.15571,4000.0,664.4474,864.0112,125
1251,25.15571,4000.0,664.4474,864.0112,125
1253,25.15571,4000.0,664.4474,864.0112,125
1255,25.29711,4000.0,679.0616,857.3758,125
1257,25.29711,4000.0,679.0616,857.3758,125
1259,25.23732,4000.0,680.3313,867.3832,125
1261,25.23732,4000.0,680.3313,867.3832,125
1263,25.23732,4000.0,680.3313,867.3832,125
1265,25.1964,4000.0,666.5874,860.0483,125
1267,25.1964,4000.0,666.5874,860.0483,125
1269,25.30171,163.3963,676.9167,854.6934,125
1271,25.30171,163.3963,676.9167,854.6934,125
1273,25.30171,163.3963,676.9167,854.6934,125
1275,25.15337,4000.0,666.0343,865.9614,125
1277,25.15337,4000.0,666.0343,865.9614,125
1279,25.05711,168.0604,649.2234,863.4807,125
1281,25.05711,168.0604,649.2234,863.4807,125
1283,25.05711,168.0604,649.2234,863.4807,125
1285,25.12039,4000.0,643.484,848.0737,125
1287,25.12039,4000.0,643.484,848.0737,125
1289,25.12039,4000.0,643.484,848.0737,125
1291,25.11668,4000.0,647.6876,852.8917,125
1293,25.11668,4000.0,647.6876,852.8917,125
1295,25.01415,4000.0,642.7581,863.334,125
1297,25.01415,4000.0,642.7581,863.334,125
1299,25.01415,4000.0,642.7581,863.334,125
1301,25.05299,129.9347,655.2302,870.4272,125
1303,25.05299,129.9347,655.2302,870.4272,125
1305,24.9341,4000.0,640.189,873.3932,125
1307,24.9341,4000.0,640.189,873.3932,125
1309,24.9341,4000.0,640.189,873.3932,125
1311,25.00853,4000.0,637.1417,858.2227,125
1313,25.00853,4000.0,637.1417,858.2227,125
1315,24.98365,4000.0,641.274,866.5536,125
1317,24.98365,4000.0,641.274,866.5536,125
1319,24.98365,4000.0,641.274,866.5536,125
1321,24.85666,4000.0,624.0868,868.1295,125
1323,24.85666,4000.0,624.0868,868.1295,125
1325,24.79835,133.5418,608.7458,860.1737,125
1327,24.79835,133.5418,608.7458,860.1737,125
1329,24.79835,133.5418,608.7458,860.1737,125
1331,24.71198,149.7536,600.392,864.8885,125
1333,24.71198,149.7536,600.392,864.8885,125
1335,24.81533,4000.0,616.0118,865.7532,125
1337,24.81533,4000.0,616.0118,865.7532,125
1339,24.81533,4000.0,616.0118,865.7532,125
1341,24.93733,4000.0,619.3968,850.0417,125
1343,24.93733,4000.0,619.3968,850.0417,125
1345,24.85063,192.3514,613.7726,857.4092,125
1347,24.85063,192.3514,613.7726,857.4092,125
1349,24.85063,192.3514,613.7726,857.4092,125
1351,24.90445,136.6431,628.0558,864.7651,125
1353,24.90445,136.6431,628.0558,864.7651,125
1355,24.78437,4000.0,614.6423,869.3812,125
1357,24.78437,4000.0,614.6423,869.3812,125
1359,24.78437,4000.0,614.6423,869.3812,125
1361,24.85714,4000.0,611.2885,853.5655,125
1363,24.85714,4000.0,611.2885,853.5655,125
1365,24.89524,167.4014,620.2144,857.5095,125
1367,24.89524,167.4014,620.2144,857.5095,125
1369,24.89524,167.4014,620.2144,857.5095,125
1371,24.76599,183.7079,604.0322,860.0534,125
1373,24.76599,183.7079,604.0322,860.0534,125
1375,24.73797,4000.0,608.9126,870.5906,125
1377,24.73797,4000.0,608.9126,870.5906,125
1379,24.73797,4000.0,608.9126,870.5906,125
1381,24.88816,4000.0,621.1567,859.6898,125
1383,24.88816,4000.0,621.1567,859.6898,125
1385,24.85946,161.1887,611.3093,853.2215,125
1387,24.85946,161.1887,611.3093,853.2215,125
1389,24.85946,161.1887,611.3093,853.2215,125
1391,24.86688,4000.0,622.153,864.2535,125
1393,24.86688,4000.0,622.153,864.2535,125
1395,24.75582,4000.0,613.9601,873.4986,125
1397,24.75582,4000.0,613.9601,873.4986,125
1399,24.75582,4000.0,613.9601,873.4986,125
1401,24.74033,4000.0,601.9961,861.9614,125
1403,24.74033,4000.0,601.9961,861.9614,125
1405,24.87721,4000.0,610.9557,850.0333,125
1407,24.87721,4000.0,610.9557,850.0333,125
1409,24.87721,4000.0,610.9557,850.0333,125
1411,24.77802,4000.0,605.3103,859.547,125
1413,24.77802,4000.0,605.3103,859.547,125
1415,24.67481,145.262,590.8032,859.7281,125
1417,24.67481,145.262,590.8032,859.7281,125
1419,24.67481,145.262,590.8032,859.7281,125
1421,24.70998,4000.0,603.0571,868.4382,125
1423,24.70998,4000.0,603.0571,868.4382,125
1425,24.85859,4000.0,613.7712,856.1309,125
1427,24.85859,4000.0,613.7712,856.1309,125
1429,24.85859,4000.0,613.7712,856.1309,125
1431,24.79762,143.7903,603.6791,854.4452,125
1433,24.79762,143.7903,603.6791,854.4452,125
1435,24.83787,4000.0,617.2405,863.4283,125
1437,24.83787,4000.0,617.2405,863.4283,125
1439,24.83787,4000.0,617.2405,863.4283,125
1441,24.76656,4000.0,615.1309,873.0211,125
1443,24.76656,4000.0,615.1309,873.0211,125
1445,24.74993,4000.0,603.2663,861.8432,125
1447,24.74993,4000.0,603.2663,861.8432,125
1449,24.74993,4000.0,603.2663,861.8432,125
1451,24.88613,4000.0,612.4572,850.3147,125
1453,24.88613,4000.0,612.4572,850.3147,125
1455,24.77892,186.9576,606.7145,861.0337,125
1457,24.77892,186.9576,606.7145,861.0337,125
1459,24.77892,186.9576,606.7145,861.0337,125
1461,24.68815,4000.0,589.9363,856.4102,125
1463,24.68815,4000.0,589.9363,856.4102,125
1465,24.6668,4000.0,577.5487,845.1423,125
1467,24.6668,4000.0,577.5487,845.1423,125
1469,24.6668,4000.0,577.5487,845.1423,125
1471,24.65934,4000.0,584.1541,854.3259,125
1473,24.65934,4000.0,584.1541,854.3259,125
1475,24.80123,4000.0,601.0393,850.8304,125
1477,24.80123,4000.0,601.0393,850.8304,125
1479,24.80123,4000.0,601.0393,850.8304,125
1481,24.96925,4000.0,611.3414,836.5627,125
1483,24.96925,4000.0,611.3414,836.5627,125
1485,24.98171,170.0921,605.8467,828.9096,125
1487,24.98171,170.0921,605.8467,828.9096,125
1489,24.98171,170.0921,605.8467,828.9096,125
1491,24.76599,4000.0,588.7888,842.3494,125
1493,24.76599,4000.0,588.7888,842.3494,125
1495,24.64777,85.75191,534.3454,797.6594,125
1497,24.64777,85.75191,534.3454,797.6594,125
1499,24.64777,85.75191,534.3454,797.6594,125
1501,24.74079,36.5941,539.6505,790.5439,125
1503,24.74079,36.5941,539.6505,790.5439,125
1505,24.667,19.48932,542.0472,803.6598,125
1507,24.667,19.48932,542.0472,803.6598,125
1509,24.667,19.48932,542.0472,803.6598,125
1511,24.62263,46.38087,547.6989,816.8223,125
1513,24.62263,46.38087,547.6989,816.8223,125
1515,24.55309,168.5339,550.064,830.6663,125
1517,24.55309,168.5339,550.064,830.6663,125
1519,24.55309,168.5339,550.064,830.6663,125
1521,24.49892,4000.0,552.3181,842.5851,125
1523,24.49892,4000.0,552.3181,842.5851,125
1525,24.46534,4000.0,555.4276,852.5036,125
1527,24.46534,4000.0,555.4276,852.5036,125
1529,24.46534,4000.0,555.4276,852.5036,125
1531,24.36634,4000.0,539.2498,849.668,125
1533,24.36634,4000.0,539.2498,849.668,125
1535,24.3814,4000.0,546.9954,857.0993,125
1537,24.3814,4000.0,546.9954,857.0993,125
1539,24.3814,4000.0,546.9954,857.0993,125
1541,24.28045,4000.0,541.1693,869.2863,125
1543,24.28045,4000.0,541.1693,869.2863,125
1545,24.28045,4000.0,541.1693,869.2863,125
1547,24.16022,126.1375,526.0345,873.5284,125
1549,24.16022,126.1375,526.0345,873.5284,125
1551,24.24499,4000.0,537.6666,871.8217,125
1553,24.24499,4000.0,537.6666,871.8217,125
1555,24.24499,4000.0,537.6666,871.8217,125
1557,24.19914,183.4221,526.097,865.0543,125
1559,24.19914,183.4221,526.097,865.0543,125
1561,24.24311,4000.0,535.8548,869.6306,125
1563,24.24311,4000.0,535.8548,869.6306,125
1565,24.24311,4000.0,535.8548,869.6306,125
1567,24.301,4000.0,532.9944,853.8158,125
1569,24.301,4000.0,532.9944,853.8158,125
1571,24.2597,4000.0,532.3878,861.2631,125
1573,24.2597,4000.0,532.3878,861.2631,125
1575,24.2597,4000.0,532.3878,861.2631,125
1577,24.38988,4000.0,546.8235,855.2579,125
1579,24.38988,4000.0,546.8235,855.2579,125
1581,24.27692,4000.0,538.3243,866.0228,125
1583,24.27692,4000.0,538.3243,866.0228,125
1585,24.27692,4000.0,538.3243,866.0228,125
1587,24.29681,4000.0,546.082,872.7853,125
1589,24.29681,4000.0,546.082,872.7853,125
1591,24.34168,4000.0,542.4948,858.7374,125
1593,24.34168,4000.0,542.4948,858.7374,125
1595,24.34168,4000.0,542.4948,858.7374,125
1597,24.28265,4000.0,541.1676,868.8259,125
1599,24.28265,4000.0,541.1676,868.8259,125
1601,24.41738,4000.0,554.6956,860.4654,125
1603,24.41738,4000.0,554.6956,860.4654,125
1605,24.41738,4000.0,554.6956,860.4654,125
1607,24.4346,4000.0,547.5536,847.9282,125
1609,24.4346,4000.0,547.5536,847.9282,125
1611,24.47349,4000.0,556.7556,852.7331,125
1613,24.47349,4000.0,556.7556,852.7331,125
1615,24.47349,4000.0,556.7556,852.7331,125
1617,24.60757,4000.0,562.9437,837.3363,125
1619,24.60757,4000.0,562.9437,837.3363,125
1621,24.54496,4000.0,556.5786,839.998,125
1623,24.54496,4000.0,556.5786,839.998,125
1625,24.54496,4000.0,556.5786,839.998,125
1627,24.46442,4000.0,553.3797,850.037,125
1629,24.46442,4000.0,553.3797,850.037,125
1631,24.40947,4000.0,551.0074,857.0874,125
1633,24.40947,4000.0,551.0074,857.0874,125
1635,24.40947,4000.0,551.0074,857.0874,125
1637,24.56107,4000.0,566.5264,849.5598,125
1639,24.56107,4000.0,566.5264,849.5598,125
1641,24.71539,4000.0,575.0373,834.3847,125
1643,24.71539,4000.0,575.0373,834.3847,125
1645,24.71539,4000.0,575.0373,834.3847,125
1647,24.70369,4000.0,570.9887,831.5039,125
1649,24.70369,4000.0,570.9887,831.5039,125
1651,24.6537,155.0967,569.9314,838.1968,125
1653,24.6537,155.0967,569.9314,838.1968,125
1655,24.6537,155.0967,569.9314,838.1968,125
1657,24.6454,177.1354,577.6741,848.8458,125
1659,24.6454,177.1354,577.6741,848.8458,125
1661,24.50689,4000.0,566.1961,858.7744,125
1663,24.50689,4000.0,566.1961,858.7744,125
1665,24.50689,4000.0,566.1961,858.7744,125
1667,24.45334,4000.0,564.8068,866.9751,125
1669,24.45334,4000.0,564.8068,866.9751,125
1671,24.55525,99.35746,569.1548,853.8555,125
1673,24.55525,99.35746,569.1548,853.8555,125
1675,24.55525,99.35746,569.1548,853.8555,125
1677,24.4795,4000.0,565.1497,862.4769,125
1679,24.4795,4000.0,565.1497,862.4769,125
1681,24.60796,4000.0,575.5878,852.6624,125
1683,24.60796,4000.0,575.5878,852.6624,125
1685,24.60796,4000.0,575.5878,852.6624,125
1687,24.52385,150.4932,565.328,854.6071,125
1689,24.52385,150.4932,565.328,854.6071,125
1691,24.62316,4000.0,580.8549,856.5086,125
1693,24.62316,4000.0,580.8549,856.5086,125
1695,24.62316,4000.0,580.8549,856.5086,125
1697,24.74842,4000.0,584.8743,840.6032,125
1699,24.74842,4000.0,584.8743,840.6032,125
1701,24.69201,4000.0,582.0263,846.3328,125
1703,24.69201,4000.0,582.0263,846.3328,125
1705,24.69201,4000.0,582.0263,846.3328,125
1707,24.58683,155.6694,575.2795,855.9493,125
1709,24.58683,155.6694,575.2795,855.9493,125
1711,24.50617,4000.0,570.357,864.2605,125
1713,24.50617,4000.0,570.357,864.2605,125
1715,24.50617,4000.0,570.357,864.2605,125
1717,24.62957,4000.0,579.2032,853.3825,125
1719,24.62957,4000.0,579.2032,853.3825,125
1721,24.55887,4000.0,573.6222,858.8234,125
1723,24.55887,4000.0,573.6222,858.8234,125
1725,24.55887,4000.0,573.6222,858.8234,125
1727,24.69182,4000.0,589.1047,854.7951,125
1729,24.69182,4000.0,589.1047,854.7951,125
1731,24.69671,166.8963,582.54,846.1726,125
1733,24.69671,166.8963,582.54,846.1726,125
1735,24.69671,166.8963,582.54,846.1726,125
1737,24.73521,4000.0,595.4858,855.1299,125
1739,24.73521,4000.0,595.4858,855.1299,125
1741,24.80654,138.5492,610.0134,860.2884,125
1743,24.80654,138.5492,610.0134,860.2884,125
1745,24.80654,138.5492,610.0134,860.2884,125
1747,24.69565,4000.0,596.0297,862.4551,125
1749,24.69565,4000.0,596.0297,862.4551,125
1751,24.74506,4000.0,589.6207,846.6495,125
1753,24.74506,4000.0,589.6207,846.6495,125
1755,24.74506,4000.0,589.6207,846.6495,125
1757,24.83344,157.7011,599.7067,844.2355,125
1759,24.83344,157.7011,599.7067,844.2355,125
1761,24.74964,4000.0,599.3238,857.2516,125
1763,24.74964,4000.0,599.3238,857.2516,125
1765,24.74964,4000.0,599.3238,857.2516,125
1767,24.84453,181.0289,615.6261,860.4982,125
1769,24.84453,181.0289,615.6261,860.4982,125
1771,24.7226,4000.0,604.5418,868.0295,125
1773,24.7226,4000.0,604.5418,868.0295,125
1775,24.7226,4000.0,604.5418,868.0295,125
1777,24.7568,4000.0,597.0832,853.4471,125
1779,24.7568,4000.0,597.0832,853.4471,125
1781,24.84395,173.2531,605.8953,849.5722,125
1783,24.84395,173.2531,605.8953,849.5722,125
1785,24.84395,173.2531,605.8953,849.5722,125
1787,24.74797,197.2277,590.9118,847.6845,125
1789,24.74797,197.2277,590.9118,847.6845,125
1791,24.74797,197.2277,590.9118,847.6845,125
1793,24.81,4000.0,603.7429,852.5221,125
1795,24.81,4000.0,603.7429,852.5221,125
1797,24.97011,4000.0,617.3264,842.8494,125
1799,24.97011,4000.0,617.3264,842.8494,125
1801,24.97011,4000.0,617.3264,842.8494,125
1803,24.86723,190.0598,607.373,847.5895,125
1805,24.86723,190.0598,607.373,847.5895,125
1807,24.83143,4000.0,613.0847,859.7361,125
1809,24.83143,4000.0,613.0847,859.7361,125
1811,24.83143,4000.0,613.0847,859.7361,125
1813,24.77403,4000.0,613.9621,870.3503,125
1815,24.77403,4000.0,613.9621,870.3503,125
1817,24.73863,4000.0,600.9693,861.0338,125
1819,24.73863,4000.0,600.9693,861.0338,125
1821,24.73863,4000.0,600.9693,861.0338,125
1823,24.87715,4000.0,608.322,847.1105,125
1825,24.87715,4000.0,608.322,847.1105,125
1827,24.7901,4000.0,603.6354,855.6178,125
1829,24.7901,4000.0,603.6354,855.6178,125
1831,24.7901,4000.0,603.6354,855.6178,125
1833,24.68802,162.976,595.1924,862.7597,125
1835,24.68802,162.976,595.1924,862.7597,125
1837,24.79775,4000.0,611.2485,863.1708,125
1839,24.79775,4000.0,611.2485,863.1708,125
1841,24.79775,4000.0,611.2485,863.1708,125
1843,24.93065,4000.0,616.2365,847.6144,125
1845,24.93065,4000.0,616.2365,847.6144,125
1847,24.88715,4000.0,614.3284,852.2357,125
1849,24.88715,4000.0,614.3284,852.2357,125
1851,24.88715,4000.0,614.3284,852.2357,125
1853,24.95748,145.3875,627.5407,855.793,125
1855,24.95748,145.3875,627.5407,855.793,125
1857,24.82408,4000.0,612.1898,859.9123,125
1859,24.82408,4000.0,612.1898,859.9123,125
1861,24.82408,4000.0,612.1898,859.9123,125
1863,24.79147,4000.0,617.2108,871.1772,125
1865,24.79147,4000.0,617.2108,871.1772,125
1867,24.94147,4000.0,629.7751,860.7396,125
1869,24.94147,4000.0,629.7751,860.7396,125
1871,24.94147,4000.0,629.7751,860.7396,125
1873,24.93969,4000.0,620.9676,851.3908,125
1875,24.93969,4000.0,620.9676,851.3908,125
1877,24.93937,4000.0,630.9011,862.3071,125
1879,24.93937,4000.0,630.9011,862.3071,125
1881,24.93937,4000.0,630.9011,862.3071,125
1883,24.73213,4000.0,609.1857,871.9353,125
1885,24.73213,4000.0,609.1857,871.9353,125
1887,24.77651,4000.0,613.6196,869.5233,125
1889,24.77651,4000.0,613.6196,869.5233,125
1891,24.77651,4000.0,613.6196,869.5233,125
1893,24.87426,4000.0,608.7863,848.0757,125
1895,24.87426,4000.0,608.7863,848.0757,125
1897,24.83855,4000.0,610.1338,855.2261,125
1899,24.83855,4000.0,610.1338,855.2261,125
1901,24.83855,4000.0,610.1338,855.2261,125
1903,24.72082,140.6044,596.0304,858.1772,125
1905,24.72082,140.6044,596.0304,858.1772,125
1907,24.76437,4000.0,609.4391,866.6755,125
1909,24.76437,4000.0,609.4391,866.6755,125
1911,24.76437,4000.0,609.4391,866.6755,125
1913,24.91418,4000.0,625.8003,860.6973,125
1915,24.91418,4000.0,625.8003,860.6973,125
1917,24.99045,142.0419,637.0262,860.9053,125
1919,24.99045,142.0419,637.0262,860.9053,125
1921,24.99045,142.0419,637.0262,860.9053,125
1923,24.85914,4000.0,621.2154,864.4584,125
1925,24.85914,4000.0,621.2154,864.4584,125
1927,24.80518,4000.0,621.4315,873.7587,125
1929,24.80518,4000.0,621.4315,873.7587,125
1931,24.80518,4000.0,621.4315,873.7587,125
1933,24.95276,4000.0,635.5924,865.309,125
1935,24.95276,4000.0,635.5924,865.309,125
1937,25.004,4000.0,630.1206,851.4391,125
1939,25.004,4000.0,630.1206,851.4391,125
1941,25.004,4000.0,630.1206,851.4391,125
1943,24.96612,4000.0,634.6348,862.1425,125
1945,24.96612,4000.0,634.6348,862.1425,125
1947,25.00798,134.7356,646.5856,868.3947,125
1949,25.00798,134.7356,646.5856,868.3947,125
1951,25.00798,134.7356,646.5856,868.3947,125
1953,24.89217,4000.0,631.1893,870.2799,125
1955,24.89217,4000.0,631.1893,870.2799,125
1957,24.93835,163.8381,624.0993,855.0179,125
1959,24.93835,163.8381,624.0993,855.0179,125
1961,24.93835,163.8381,624.0993,855.0179,125
1963,25.00808,153.6836,633.5695,854.4883,125
1965,25.00808,153.6836,633.5695,854.4883,125
1967,24.86103,145.6749,619.3383,862.0245,125
1969,24.86103,145.6749,619.3383,862.0245,125
1971,24.86103,145.6749,619.3383,862.0245,125
1973,24.90315,4000.0,632.0821,869.4697,125
1975,24.90315,4000.0,632.0821,869.4697,125
1977,25.06393,4000.0,645.572,858.6215,125
1979,25.06393,4000.0,645.572,858.6215,125
1981,25.06393,4000.0,645.572,858.6215,125
1983,25.19935,4000.0,648.4641,841.7725,125
1985,25.19935,4000.0,648.4641,841.7725,125
1987,25.16255,4000.0,645.001,843.5388,125
1989,25.16255,4000.0,645.001,843.5388,125
1991,25.16255,4000.0,645.001,843.5388,125
1993,25.07789,4000.0,642.6448,853.4764,125
1995,25.07789,4000.0,642.6448,853.4764,125
1997,25.08611,4000.0,652.17,862.0856,125
1999,25.08611,4000.0,652.17,862.0856,125
2001,25.08611,4000.0,652.17,862.0856,125
2003,25.01674,4000.0,651.668,872.4307,125
2005,25.01674,4000.0,651.668,872.4307,125
2007,24.95538,4000.0,636.5599,865.9457,125
2009,24.95538,4000.0,636.5599,865.9457,125
2011,24.95538,4000.0,636.5599,865.9457,125
2013,25.07626,4000.0,640.482,851.4822,125
2015,25.07626,4000.0,640.482,851.4822,125
2017,24.97999,4000.0,636.9484,862.4614,125
2019,24.97999,4000.0,636.9484,862.4614,125
2021,24.97999,4000.0,636.9484,862.4614,125
2023,24.863,152.599,627.1483,870.5563,125
2025,24.863,152.599,627.1483,870.5563,125
2027,24.98343,4000.0,641.8229,867.1816,125
2029,24.98343,4000.0,641.8229,867.1816,125
2031,24.98343,4000.0,641.8229,867.1816,125
2033,25.04951,4000.0,637.6216,852.4995,125
2035,25.04951,4000.0,637.6216,852.4995,125
2037,24.99909,4000.0,640.2428,863.0044,125
2039,24.99909,4000.0,640.2428,863.0044,125
2041,24.99909,4000.0,640.2428,863.0044,125
2043,24.99526,169.2206,647.8991,871.8427,125
2045,24.99526,169.2206,647.8991,871.8427,125
2047,24.99526,169.2206,647.8991,871.8427,125
2049,24.89772,161.5234,631.8083,870.058,125
2051,24.89772,161.5234,631.8083,870.058,125
2053,24.99318,4000.0,631.7872,854.8649,125
2055,24.99318,4000.0,631.7872,854.8649,125
2057,24.99318,4000.0,631.7872,854.8649,125
2059,24.95467,4000.0,635.4448,864.8417,125
2061,24.95467,4000.0,635.4448,864.8417,125
2063,24.83495,4000.0,618.3717,865.2036,125
2065,24.83495,4000.0,618.3717,865.2036,125
2067,24.83495,4000.0,618.3717,865.2036,125
2069,24.7796,4000.0,603.7405,857.459,125
2071,24.7796,4000.0,603.7405,857.459,125
2073,24.75163,4000.0,609.4284,868.8418,125
2075,24.75163,4000.0,609.4284,868.8418,125
2077,24.75163,4000.0,609.4284,868.8418,125
2079,24.90394,4000.0,623.5152,859.7951,125
2081,24.90394,4000.0,623.5152,859.7951,125
2083,24.9472,4000.0,618.2402,847.2776,125
2085,24.9472,4000.0,618.2402,847.2776,125
2087,24.9472,4000.0,618.2402,847.2776,125
2089,24.91941,152.7046,625.4933,859.5258,125
2091,24.91941,152.7046,625.4933,859.5258,125
2093,24.79339,4000.0,612.5363,865.3971,125
2095,24.79339,4000.0,612.5363,865.3971,125
2097,24.79339,4000.0,612.5363,865.3971,125
2099,24.77833,4000.0,600.013,853.3425,125
2101,24.77833,4000.0,600.013,853.3425,125
2103,24.68723,169.3573,595.0342,862.7053,125
2105,24.68723,169.3573,595.0342,862.7053,125
2107,24.68723,169.3573,595.0342,862.7053,125
2109,24.78636,4000.0,611.3439,865.1888,125
2111,24.78636,4000.0,611.3439,865.1888,125
2113,24.94716,4000.0,623.3928,852.882,125
2115,24.94716,4000.0,623.3928,852.882,125
2117,24.94716,4000.0,623.3928,852.882,125
2119,24.96702,166.292,617.0207,842.9813,125
2121,24.96702,166.292,617.0207,842.9813,125
2123,24.92284,4000.0,621.9324,855.062,125
2125,24.92284,4000.0,621.9324,855.062,125
2127,24.92284,4000.0,621.9324,855.062,125
2129,24.79728,144.7797,611.0244,862.9891,125
2131,24.79728,144.7797,611.0244,862.9891,125
2133,24.86802,4000.0,626.63,869.1329,125
2135,24.86802,4000.0,626.63,869.1329,125
2137,24.86802,4000.0,626.63,869.1329,125
2139,24.99027,4000.0,643.2139,867.5926,125
2141,24.99027,4000.0,643.2139,867.5926,125
2143,24.87365,4000.0,635.1871,877.9052,125
2145,24.87365,4000.0,635.1871,877.9052,125
2147,24.87365,4000.0,635.1871,877.9052,125
2149,24.89565,4000.0,626.5706,864.5344,125
2151,24.89565,4000.0,626.5706,864.5344,125
2153,24.96115,136.5911,636.7756,865.2594,125
2155,24.96115,136.5911,636.7756,865.2594,125
2157,24.96115,136.5911,636.7756,865.2594,125
2159,24.83324,4000.0,621.3118,868.8627,125
2161,24.83324,4000.0,621.3118,868.8627,125
2163,24.83417,4000.0,610.1577,855.9573,125
2165,24.83417,4000.0,610.1577,855.9573,125
2167,24.83417,4000.0,610.1577,855.9573,125
2169,24.96767,4000.0,615.8951,841.6757,125
2171,24.96767,4000.0,615.8951,841.6757,125
2173,24.8649,4000.0,607.0222,847.5604,125
2175,24.8649,4000.0,607.0222,847.5604,125
2177,24.8649,4000.0,607.0222,847.5604,125
2179,24.81748,4000.0,611.2437,859.9078,125
2181,24.81748,4000.0,611.2437,859.9078,125
2183,24.76505,4000.0,612.9494,870.7011,125
2185,24.76505,4000.0,612.9494,870.7011,125
2187,24.76505,4000.0,612.9494,870.7011,125
2189,24.71431,4000.0,598.8168,862.6024,125
2191,24.71431,4000.0,598.8168,862.6024,125
2193,24.84003,4000.0,604.5007,848.6152,125
2195,24.84003,4000.0,604.5007,848.6152,125
2197,24.84003,4000.0,604.5007,848.6152,125
2199,24.75795,180.9355,601.4696,858.3892,125
2201,24.75795,180.9355,601.4696,858.3892,125
2203,24.67099,4000.0,584.8383,853.1815,125
2205,24.67099,4000.0,584.8383,853.1815,125
2207,24.67099,4000.0,584.8383,853.1815,125
2209,24.61472,4000.0,580.3991,857.4133,125
2211,24.61472,4000.0,580.3991,857.4133,125
2213,24.754,4000.0,590.426,846.15,125
2215,24.754,4000.0,590.426,846.15,125
2217,24.754,4000.0,590.426,846.15,125
2219,24.68585,185.6441,583.1605,848.6942,125
2221,24.68585,185.6441,583.1605,848.6942,125
2223,24.60312,4000.0,578.4797,857.067,125
2225,24.60312,4000.0,578.4797,857.067,125
2227,24.60312,4000.0,578.4797,857.067,125
2229,24.62885,4000.0,570.1167,842.4819,125
2231,24.62885,4000.0,570.1167,842.4819,125
2233,24.69487,174.9973,579.0571,842.3557,125
2235,24.69487,174.9973,579.0571,842.3557,125
2237,24.69487,174.9973,579.0571,842.3557,125
2239,24.57998,194.6529,572.3579,853.5175,125
2241,24.57998,194.6529,572.3579,853.5175,125
2243,24.50857,4000.0,570.6128,864.1454,125
2245,24.50857,4000.0,570.6128,864.1454,125
2247,24.50857,4000.0,570.6128,864.1454,125
2249,24.54947,4000.0,565.9078,850.8073,125
2251,24.54947,4000.0,565.9078,850.8073,125
2253,24.51286,4000.0,567.5007,859.3566,125
2255,24.51286,4000.0,567.5007,859.3566,125
2257,24.51286,4000.0,567.5007,859.3566,125
2259,24.41594,4000.0,550.8393,855.6505,125
2261,24.41594,4000.0,550.8393,855.6505,125
2263,24.41794,4000.0,540.5513,841.9075,125
2265,24.41794,4000.0,540.5513,841.9075,125
2267,24.41794,4000.0,540.5513,841.9075,125
2269,24.46033,189.7505,546.3925,841.848,125
2271,24.46033,189.7505,546.3925,841.848,125
2273,24.47021,4000.0,554.0929,849.9099,125
2275,24.47021,4000.0,554.0929,849.9099,125
2277,24.47021,4000.0,554.0929,849.9099,125
2279,24.39188,4000.0,550.9264,860.3345,125
2281,24.39188,4000.0,550.9264,860.3345,125
2283,24.31532,181.5734,535.4106,854.293,125
2285,24.31532,181.5734,535.4106,854.293,125
2287,24.31532,181.5734,535.4106,854.293,125
2289,24.40409,4000.0,537.3959,840.3293,125
2291,24.40409,4000.0,537.3959,840.3293,125
2293,24.20553,4000.0,508.3947,839.0455,125
2295,24.20553,4000.0,508.3947,839.0455,125
2297,24.20553,4000.0,508.3947,839.0455,125
2299,24.12806,148.7977,505.4961,850.732,125
2301,24.12806,148.7977,505.4961,850.732,125
2303,24.12806,148.7977,505.4961,850.732,125
2305,24.14012,172.2376,513.8159,860.0846,125
2307,24.14012,172.2376,513.8159,860.0846,125
2309,24.13255,4000.0,518.4489,868.5361,125
2311,24.13255,4000.0,518.4489,868.5361,125
2313,24.13255,4000.0,518.4489,868.5361,125
2315,24.22677,131.4711,531.8041,867.3254,125
2317,24.22677,131.4711,531.8041,867.3254,125
2319,24.10549,4000.0,517.941,873.9754,125
2321,24.10549,4000.0,517.941,873.9754,125
2323,24.10549,4000.0,517.941,873.9754,125
2325,24.15819,4000.0,526.775,875.0872,125
2327,24.15819,4000.0,526.775,875.0872,125
2329,24.13056,4000.0,516.3276,865.8516,125
2331,24.13056,4000.0,516.3276,865.8516,125
2333,24.13056,4000.0,516.3276,865.8516,125
2335,24.1326,141.2666,524.1781,877.0806,125
2337,24.1326,141.2666,524.1781,877.0806,125
2339,24.03724,4000.0,512.7556,882.4696,125
2341,24.03724,4000.0,512.7556,882.4696,125
2343,24.03724,4000.0,512.7556,882.4696,125
2345,24.11559,4000.0,518.3455,872.2442,125
2347,24.11559,4000.0,518.3455,872.2442,125
2349,24.02168,4000.0,509.3796,881.0405,125
2351,24.02168,4000.0,509.3796,881.0405,125
2353,24.02168,4000.0,509.3796,881.0405,125
2355,24.04547,4000.0,503.488,866.1432,125
2357,24.04547,4000.0,503.488,866.1432,125
2359,24.03143,4000.0,505.127,871.9856,125
2361,24.03143,4000.0,505.127,871.9856,125
2363,24.03143,4000.0,505.127,871.9856,125
2365,23.97654,4000.0,491.0023,863.512,125
2367,23.97654,4000.0,491.0023,863.512,125
2369,24.01844,155.9867,494.6669,859.1601,125
2371,24.01844,155.9867,494.6669,859.1601,125
2373,24.01844,155.9867,494.6669,859.1601,125
2375,24.02326,134.6344,502.0421,869.2054,125
2377,24.02326,134.6344,502.0421,869.2054,125
2379,23.9224,4000.0,488.7179,873.4968,125
2381,23.9224,4000.0,488.7179,873.4968,125
2383,23.9224,4000.0,488.7179,873.4968,125
2385,23.95778,4000.0,484.7686,858.4993,125
2387,23.95778,4000.0,484.7686,858.4993,125
2389,23.93357,192.6422,488.4862,870.2487,125
2391,23.93357,192.6422,488.4862,870.2487,125
2393,23.93357,192.6422,488.4862,870.2487,125
2395,23.96319,129.6653,498.8608,879.1987,125
2397,23.96319,129.6653,498.8608,879.1987,125
2399,23.89784,4000.0,495.5665,891.5367,125
2401,23.89784,4000.0,495.5665,891.5367,125
2403,23.89784,4000.0,495.5665,891.5367,125
2405,23.98967,4000.0,503.93,880.5007,125
2407,23.98967,4000.0,503.93,880.5007,125
2409,23.91292,124.6973,493.8244,884.3739,125
2411,23.91292,124.6973,493.8244,884.3739,125
2413,23.91292,124.6973,493.8244,884.3739,125
2415,24.01015,4000.0,507.6296,881.1786,125
2417,24.01015,4000.0,507.6296,881.1786,125
2419,24.04161,4000.0,502.6469,865.775,125
2421,24.04161,4000.0,502.6469,865.775,125
2423,24.04161,4000.0,502.6469,865.775,125
2425,24.04287,4000.0,506.0927,870.7227,125
2427,24.04287,4000.0,506.0927,870.7227,125
2429,24.14337,4000.0,510.2523,854.2645,125
2431,24.14337,4000.0,510.2523,854.2645,125
2433,24.14337,4000.0,510.2523,854.2645,125
2435,24.14783,184.6895,500.9391,840.2727,125
2437,24.14783,184.6895,500.9391,840.2727,125
2439,24.12641,150.4527,505.091,850.5054,125
2441,24.12641,150.4527,505.091,850.5054,125
2443,24.12641,150.4527,505.091,850.5054,125
2445,24.11474,140.0923,511.7861,862.7009,125
2447,24.11474,140.0923,511.7861,862.7009,125
2449,23.98393,4000.0,499.3665,874.7064,125
2451,23.98393,4000.0,499.3665,874.7064,125
2453,23.98393,4000.0,499.3665,874.7064,125
2455,23.88365,4000.0,482.4669,873.6166,125
2457,23.88365,4000.0,482.4669,873.6166,125
2459,23.89386,4000.0,486.0415,876.7094,125
2461,23.89386,4000.0,486.0415,876.7094,125
2463,23.89386,4000.0,486.0415,876.7094,125
2465,23.94811,124.3768,495.7656,878.1384,125
2467,23.94811,124.3768,495.7656,878.1384,125
2469,23.88089,4000.0,492.3369,890.8737,125
2471,23.88089,4000.0,492.3369,890.8737,125
2473,23.88089,4000.0,492.3369,890.8737,125
2475,23.98058,96.02487,502.7269,880.915,125
2477,23.98058,96.02487,502.7269,880.915,125
2479,23.92196,141.094,490.1785,875.9664,125
2481,23.92196,141.094,490.1785,875.9664,125
2483,23.92196,141.094,490.1785,875.9664,125
2485,23.96952,4000.0,502.6514,883.6772,125
2487,23.96952,4000.0,502.6514,883.6772,125
2489,24.09512,4000.0,518.4898,877.2521,125
2491,24.09512,4000.0,518.4898,877.2521,125
2493,24.09512,4000.0,518.4898,877.2521,125
2495,24.20662,4000.0,524.264,860.8502,125
2497,24.20662,4000.0,524.264,860.8502,125
2499,24.18622,4000.0,514.1575,850.8433,125
2501,24.18622,4000.0,514.1575,850.8433,125
2503,24.18622,4000.0,514.1575,850.8433,125
2505,24.20465,137.6774,523.7294,860.5036,125
2507,24.20465,137.6774,523.7294,860.5036,125
2509,24.08722,131.0783,514.3737,872.8467,125
2511,24.08722,131.0783,514.3737,872.8467,125
2513,24.08722,131.0783,514.3737,872.8467,125
2515,24.18009,4000.0,529.8553,874.7042,125
2517,24.18009,4000.0,529.8553,874.7042,125
2519,24.27815,4000.0,533.1081,858.5125,125
2521,24.27815,4000.0,533.1081,858.5125,125
2523,24.27815,4000.0,533.1081,858.5125,125
2525,24.21001,169.9917,523.7715,859.4415,125
2527,24.21001,169.9917,523.7715,859.4415,125
2529,24.33509,4000.0,538.0157,853.9712,125
2531,24.33509,4000.0,538.0157,853.9712,125
2533,24.33509,4000.0,538.0157,853.9712,125
2535,24.30919,4000.0,539.6487,861.2896,125
2537,24.30919,4000.0,539.6487,861.2896,125
2539,24.21183,4000.0,522.9824,857.9486,125
2541,24.21183,4000.0,522.9824,857.9486,125
2543,24.21183,4000.0,522.9824,857.9486,125
2545,24.24602,4000.0,517.001,842.8367,125
2547,24.24602,4000.0,517.001,842.8367,125
2549,24.24602,4000.0,517.001,842.8367,125
2551,24.19283,145.9438,516.088,852.1872,125
2553,24.19283,145.9438,516.088,852.1872,125
2555,24.1898,153.4406,523.7684,863.7138,125
2557,24.1898,153.4406,523.7684,863.7138,125
2559,24.1898,153.4406,523.7684,863.7138,125
2561,24.09905,4000.0,518.1415,875.7895,125
2563,24.09905,4000.0,518.1415,875.7895,125
2565,24.2221,4000.0,532.4633,869.2704,125
2567,24.2221,4000.0,532.4633,869.2704,125
2569,24.2221,4000.0,532.4633,869.2704,125
2571,24.28625,4000.0,530.0199,852.6641,125
2573,24.28625,4000.0,530.0199,852.6641,125
2575,24.22464,4000.0,526.042,859.5975,125
2577,24.22464,4000.0,526.042,859.5975,125
2579,24.22464,4000.0,526.042,859.5975,125
2581,24.35164,4000.0,541.9691,856.0905,125
2583,24.35164,4000.0,541.9691,856.0905,125
2585,24.24705,4000.0,533.0392,864.798,125
2587,24.24705,4000.0,533.0392,864.798,125
2589,24.24705,4000.0,533.0392,864.798,125
2591,24.20723,4000.0,532.7042,872.8527,125
2593,24.20723,4000.0,532.7042,872.8527,125
2595,24.33522,4000.0,542.6747,860.2501,125
2597,24.33522,4000.0,542.6747,860.2501,125
2599,24.33522,4000.0,542.6747,860.2501,125
2601,24.33521,116.5308,533.7394,848.2247,125
2603,24.33521,116.5308,533.7394,848.2247,125
2605,24.33109,4000.0,540.6572,858.3205,125
2607,24.33109,4000.0,540.6572,858.3205,125
2609,24.33109,4000.0,540.6572,858.3205,125
2611,24.42338,141.973,555.491,860.3781,125
2613,24.42338,141.973,555.491,860.3781,125
2615,24.30155,4000.0,542.7914,867.1891,125
2617,24.30155,4000.0,542.7914,867.1891,125
2619,24.30155,4000.0,542.7914,867.1891,125
2621,24.35634,4000.0,540.0471,852.6171,125
2623,24.35634,4000.0,540.0471,852.6171,125
2625,24.29129,4000.0,537.9421,862.5444,125
2627,24.29129,4000.0,537.9421,862.5444,125
2629,24.29129,4000.0,537.9421,862.5444,125
2631,24.21158,4000.0,522.0115,856.6337,125
2633,24.21158,4000.0,522.0115,856.6337,125
2635,24.28693,4000.0,522.774,842.7511,125
2637,24.28693,4000.0,522.774,842.7511,125
2639,24.28693,4000.0,522.774,842.7511,125
2641,24.2076,4000.0,521.0313,856.0777,125
2643,24.2076,4000.0,521.0313,856.0777,125
2645,24.18435,156.2605,524.9575,866.6043,125
2647,24.18435,156.2605,524.9575,866.6043,125
2649,24.18435,156.2605,524.9575,866.6043,125
2651,24.08005,156.2165,515.7953,876.7163,125
2653,24.08005,156.2165,515.7953,876.7163,125
2655,24.1903,4000.0,528.751,870.8152,125
2657,24.1903,4000.0,528.751,870.8152,125
2659,24.1903,4000.0,528.751,870.8152,125
2661,24.16987,4000.0,518.3043,860.1398,125
2663,24.16987,4000.0,518.3043,860.1398,125
2665,24.17443,4000.0,525.0786,868.9537,125
2667,24.17443,4000.0,525.0786,868.9537,125
2669,24.17443,4000.0,525.0786,868.9537,125
2671,24.13082,103.1975,524.1443,877.4462,125
2673,24.13082,103.1975,524.1443,877.4462,125
2675,24.14638,4000.0,517.7341,864.4078,125
2677,24.14638,4000.0,517.7341,864.4078,125
2679,24.14638,4000.0,517.7341,864.4078,125
2681,24.15306,133.9243,524.7778,873.2834,125
2683,24.15306,133.9243,524.7778,873.2834,125
2685,24.02715,89.43835,511.2888,882.6874,125
2687,24.02715,89.43835,511.2888,882.6874,125
2689,24.02715,89.43835,511.2888,882.6874,125
2691,23.99626,4000.0,499.0829,871.1942,125
2693,23.99626,4000.0,499.0829,871.1942,125
2695,24.06206,131.4148,507.0712,867.6797,125
2697,24.06206,131.4148,507.0712,867.6797,125
2699,24.06206,131.4148,507.0712,867.6797,125
2701,23.9502,4000.0,492.0523,871.6663,125
2703,23.9502,4000.0,492.0523,871.6663,125
2705,23.9366,4000.0,491.8549,874.8395,125
2707,23.9366,4000.0,491.8549,874.8395,125
2709,23.9366,4000.0,491.8549,874.8395,125
2711,24.0051,135.9349,502.1033,873.7268,125
2713,24.0051,135.9349,502.1033,873.7268,125
2715,23.93056,4000.0,487.8035,869.9349,125
2717,23.93056,4000.0,487.8035,869.9349,125
2719,23.93056,4000.0,487.8035,869.9349,125
2721,23.98458,135.9516,492.4964,863.8644,125
2723,23.98458,135.9516,492.4964,863.8644,125
2725,23.98457,4000.0,498.6569,873.4294,125
2727,23.98457,4000.0,498.6569,873.4294,125
2729,23.98457,4000.0,498.6569,873.4294,125
2731,24.11326,4000.0,511.1935,862.1608,125
2733,24.11326,4000.0,511.1935,862.1608,125
2735,24.07966,185.0364,511.3882,870.0958,125
2737,24.07966,185.0364,511.3882,870.0958,125
2739,24.07966,185.0364,511.3882,870.0958,125
2741,23.96239,128.9145,500.6932,882.3721,125
2743,23.96239,128.9145,500.6932,882.3721,125
2745,24.02911,155.2094,500.1663,864.9555,125
2747,24.02911,155.2094,500.1663,864.9555,125
2749,24.02911,155.2094,500.1663,864.9555,125
2751,24.22793,173.9945,522.4056,853.8346,125
2753,24.22793,173.9945,522.4056,853.8346,125
2755,24.17607,4000.0,518.6645,859.3329,125
2757,24.17607,4000.0,518.6645,859.3329,125
2759,24.17607,4000.0,518.6645,859.3329,125
2761,24.16732,171.6659,523.9386,868.8548,125
2763,24.16732,171.6659,523.9386,868.8548,125
2765,24.13449,4000.0,525.3326,878.3842,125
2767,24.13449,4000.0,525.3326,878.3842,125
2769,24.13449,4000.0,525.3326,878.3842,125
2771,24.19904,4000.0,525.4359,864.1299,125
2773,24.19904,4000.0,525.4359,864.1299,125
2775,24.13419,4000.0,521.4695,872.6512,125
2777,24.13419,4000.0,521.4695,872.6512,125
2779,24.13419,4000.0,521.4695,872.6512,125
2781,24.26691,4000.0,537.2202,866.5491,125
2783,24.26691,4000.0,537.2202,866.5491,125
2785,24.22462,4000.0,537.1756,875.5372,125
2787,24.22462,4000.0,537.1756,875.5372,125
2789,24.22462,4000.0,537.1756,875.5372,125
2791,24.23689,4000.0,530.3881,863.1765,125
2793,24.23689,4000.0,530.3881,863.1765,125
2795,24.23248,170.953,535.8602,871.9193,125
2797,24.23248,170.953,535.8602,871.9193,125
2799,24.23248,170.953,535.8602,871.9193,125
2801,24.13827,4000.0,520.097,869.6857,125
2803,24.13827,4000.0,520.097,869.6857,125
2805,24.13827,4000.0,520.097,869.6857,125
2807,24.21974,4000.0,523.9977,857.738,125
2809,24.21974,4000.0,523.9977,857.738,125
2811,24.11208,4000.0,515.6826,869.0655,125
2813,24.11208,4000.0,515.6826,869.0655,125
2815,24.11208,4000.0,515.6826,869.0655,125
2817,24.14146,4000.0,525.1424,876.4803,125
2819,24.14146,4000.0,525.1424,876.4803,125
2821,24.2369,82.04614,528.7557,860.8722,125
2823,24.2369,82.04614,528.7557,860.8722,125
2825,24.2369,82.04614,528.7557,860.8722,125
2827,24.17848,4000.0,521.2144,862.4744,125
2829,24.17848,4000.0,521.2144,862.4744,125
2831,24.31173,4000.0,534.3199,853.5165,125
2833,24.31173,4000.0,534.3199,853.5165,125
2835,24.31173,4000.0,534.3199,853.5165,125
2837,24.23557,4000.0,531.1824,864.5771,125
2839,24.23557,4000.0,531.1824,864.5771,125
2841,24.25511,4000.0,538.6337,871.038,125
2843,24.25511,4000.0,538.6337,871.038,125
2845,24.25511,4000.0,538.6337,871.038,125
2847,24.35645,197.5866,541.8039,854.9432,125
2849,24.35645,197.5866,541.8039,854.9432,125
2851,24.28523,198.5316,533.9125,858.1976,125
2853,24.28523,198.5316,533.9125,858.1976,125
2855,24.28523,198.5316,533.9125,858.1976,125
2857,24.41758,4000.0,549.2515,853.2595,125
2859,24.41758,4000.0,549.2515,853.2595,125
2861,24.38539,197.1384,552.1325,863.2068,125
2863,24.38539,197.1384,552.1325,863.2068,125
2865,24.38539,197.1384,552.1325,863.2068,125
2867,24.35871,4000.0,555.4169,873.0001,125
2869,24.35871,4000.0,555.4169,873.0001,125
2871,24.44566,4000.0,557.749,859.1473,125
2873,24.44566,4000.0,557.749,859.1473,125
2875,24.44566,4000.0,557.749,859.1473,125
2877,24.35955,4000.0,552.127,868.309,125
2879,24.35955,4000.0,552.127,868.309,125
2881,24.48394,4000.0,563.7427,859.8271,125
2883,24.48394,4000.0,563.7427,859.8271,125
2885,24.48394,4000.0,563.7427,859.8271,125
2887,24.41091,145.4008,551.7495,857.796,125
2889,24.41091,145.4008,551.7495,857.796,125
2891,24.45617,4000.0,564.4086,865.9094,125
2893,24.45617,4000.0,564.4086,865.9094,125
2895,24.45617,4000.0,564.4086,865.9094,125
2897,24.56123,96.08704,568.2924,851.7307,125
2899,24.56123,96.08704,568.2924,851.7307,125
2901,24.50631,4000.0,566.718,859.5492,125
2903,24.50631,4000.0,566.718,859.5492,125
2905,24.50631,4000.0,566.718,859.5492,125
2907,24.65121,4000.0,577.7326,847.945,125
2909,24.65121,4000.0,577.7326,847.945,125
2911,24.61763,171.58,570.3073,844.5773,125
2913,24.61763,171.58,570.3073,844.5773,125
2915,24.61763,171.58,570.3073,844.5773,125
2917,24.63507,163.9568,580.5247,854.054,125
2919,24.63507,163.9568,580.5247,854.054,125
2921,24.49962,157.5429,565.3433,859.0089,125
2923,24.49962,157.5429,565.3433,859.0089,125
2925,24.49962,157.5429,565.3433,859.0089,125
2927,24.56778,4000.0,577.3948,861.9772,125
2929,24.56778,4000.0,577.3948,861.9772,125
2931,24.57649,4000.0,570.5645,851.9,125
2933,24.57649,4000.0,570.5645,851.9,125
2935,24.57649,4000.0,570.5645,851.9,125
2937,24.6113,4000.0,580.8978,858.6259,125
2939,24.6113,4000.0,580.8978,858.6259,125
2941,24.72379,4000.0,583.8657,843.3498,125
2943,24.72379,4000.0,583.8657,843.3498,125
2945,24.72379,4000.0,583.8657,843.3498,125
2947,24.67319,4000.0,583.5837,851.3045,125
2949,24.67319,4000.0,583.5837,851.3045,125
2951,24.5794,4000.0,575.4634,857.4853,125
2953,24.5794,4000.0,575.4634,857.4853,125
2955,24.5794,4000.0,575.4634,857.4853,125
2957,24.52225,149.694,563.5032,852.5821,125
2959,24.52225,149.694,563.5032,852.5821,125
2961,24.58197,4000.0,577.4529,859.5144,125
2963,24.58197,4000.0,577.4529,859.5144,125
2965,24.58197,4000.0,577.4529,859.5144,125
2967,24.72944,4000.0,587.5627,846.7667,125
2969,24.72944,4000.0,587.5627,846.7667,125
2971,24.67123,163.5558,579.3406,846.5516,125
2973,24.67123,163.5558,579.3406,846.5516,125
2975,24.67123,163.5558,579.3406,846.5516,125
2977,24.6068,4000.0,580.4706,858.8868,125
2979,24.6068,4000.0,580.4706,858.8868,125
2981,24.55489,4000.0,566.4289,850.5131,125
2983,24.55489,4000.0,566.4289,850.5131,125
2985,24.55489,4000.0,566.4289,850.5131,125
2987,24.52192,4000.0,568.056,858.4193,125
2989,24.52192,4000.0,568.056,858.4193,125
2991,24.66398,4000.0,583.3071,852.5186,125
2993,24.66398,4000.0,583.3071,852.5186,125
2995,24.66398,4000.0,583.3071,852.5186,125
2997,24.55921,4000.0,574.4481,859.8029,125
2999,24.55921,4000.0,574.4481,859.8029,125
3001,24.59149,4000.0,566.9611,844.8931,125
3003,24.59149,4000.0,566.9611,844.8931,125
3005,24.59149,4000.0,566.9611,844.8931,125
3007,24.65175,4000.0,574.2451,843.6667,125
3009,24.65175,4000.0,574.2451,843.6667,125
3011,24.52169,150.3441,560.0644,848.3456,125
3013,24.52169,150.3441,560.0644,848.3456,125
3015,24.52169,150.3441,560.0644,848.3456,125
3017,24.62012,4000.0,575.0503,849.9271,125
3019,24.62012,4000.0,575.0503,849.9271,125
3021,24.51377,4000.0,566.3892,857.7709,125
3023,24.51377,4000.0,566.3892,857.7709,125
3025,24.51377,4000.0,566.3892,857.7709,125
3027,24.44737,4000.0,561.8969,864.2744,125
3029,24.44737,4000.0,561.8969,864.2744,125
3031,24.57581,4000.0,572.2325,854.0904,125
3033,24.57581,4000.0,572.2325,854.0904,125
3035,24.57581,4000.0,572.2325,854.0904,125
3037,24.51741,4000.0,566.6113,857.3945,125
3039,24.51741,4000.0,566.6113,857.3945,125
3041,24.64751,4000.0,582.6967,854.5724,125
3043,24.64751,4000.0,582.6967,854.5724,125
3045,24.64751,4000.0,582.6967,854.5724,125
3047,24.77102,4000.0,585.7806,838.1057,125
3049,24.77102,4000.0,585.7806,838.1057,125
3051,24.77102,4000.0,585.7806,838.1057,125
3053,24.74365,4000.0,586.6907,843.4666,125
3055,24.74365,4000.0,586.6907,843.4666,125
3057,24.63386,145.8904,582.1021,856.189,125
3059,24.63386,145.8904,582.1021,856.189,125
3061,24.63386,145.8904,582.1021,856.189,125
3063,24.73567,4000.0,597.0881,856.943,125
3065,24.73567,4000.0,597.0881,856.943,125
3067,24.82642,4000.0,595.8746,841.0015,125
3069,24.82642,4000.0,595.8746,841.0015,125
3071,24.82642,4000.0,595.8746,841.0015,125
3073,24.9628,4000.0,607.6992,833.603,125
3075,24.9628,4000.0,607.6992,833.603,125
3077,24.80541,170.2615,600.9107,850.0163,125
3079,24.80541,170.2615,600.9107,850.0163,125
3081,24.80541,170.2615,600.9107,850.0163,125
3083,24.68209,144.9512,586.6732,853.5184,125
3085,24.68209,144.9512,586.6732,853.5184,125
3087,24.77612,4000.0,601.128,854.9959,125
3089,24.77612,4000.0,601.128,854.9959,125
3091,24.77612,4000.0,601.128,854.9959,125
3093,24.87711,4000.0,602.2045,840.3245,125
3095,24.87711,4000.0,602.2045,840.3245,125
3097,24.83154,4000.0,605.5507,851.1447,125
3099,24.83154,4000.0,605.5507,851.1447,125
3101,24.83154,4000.0,605.5507,851.1447,125
3103,24.71412,4000.0,596.2694,859.5912,125
3105,24.71412,4000.0,596.2694,859.5912,125
3107,24.67772,4000.0,582.6398,849.4208,125
3109,24.67772,4000.0,582.6398,849.4208,125
3111,24.67772,4000.0,582.6398,849.4208,125
3113,24.78294,4000.0,582.5182,832.5475,125
3115,24.78294,4000.0,582.5182,832.5475,125
3117,24.75963,4000.0,584.7271,838.6719,125
3119,24.75963,4000.0,584.7271,838.6719,125
3121,24.75963,4000.0,584.7271,838.6719,125
3123,24.69149,199.1765,584.5873,849.4614,125
3125,24.69149,199.1765,584.5873,849.4614,125
3127,24.57256,4000.0,572.9828,855.595,125
3129,24.57256,4000.0,572.9828,855.595,125
3131,24.57256,4000.0,572.9828,855.595,125
3133,24.54503,4000.0,573.9709,861.7559,125
3135,24.54503,4000.0,573.9709,861.7559,125
3137,24.64128,4000.0,576.2475,847.8135,125
3139,24.64128,4000.0,576.2475,847.8135,125
3141,24.64128,4000.0,576.2475,847.8135,125
3143,24.57493,4000.0,575.058,857.7676,125
3145,24.57493,4000.0,575.058,857.7676,125
3147,24.66923,4000.0,591.8625,861.9739,125
3149,24.66923,4000.0,591.8625,861.9739,125
3151,24.66923,4000.0,591.8625,861.9739,125
3153,24.82489,4000.0,606.0723,852.7957,125
3155,24.82489,4000.0,606.0723,852.7957,125
3157,24.84107,171.0759,599.9995,843.3829,125
3159,24.84107,171.0759,599.9995,843.3829,125
3161,24.84107,171.0759,599.9995,843.3829,125
3163,24.88804,4000.0,613.1646,850.8032,125
3165,24.88804,4000.0,613.1646,850.8032,125
3167,24.76704,4000.0,602.7229,858.3464,125
3169,24.76704,4000.0,602.7229,858.3464,125
3171,24.76704,4000.0,602.7229,858.3464,125
3173,24.67795,193.119,597.0229,866.7303,125
3175,24.67795,193.119,597.0229,866.7303,125
3177,24.80027,4000.0,613.295,865.1255,125
3179,24.80027,4000.0,613.295,865.1255,125
3181,24.80027,4000.0,613.295,865.1255,125
3183,24.93023,4000.0,617.7053,849.2836,125
3185,24.93023,4000.0,617.7053,849.2836,125
3187,24.85516,4000.0,612.2037,854.9116,125
3189,24.85516,4000.0,612.2037,854.9116,125
3191,24.85516,4000.0,612.2037,854.9116,125
3193,24.79295,4000.0,613.2349,866.2835,125
3195,24.79295,4000.0,613.2349,866.2835,125
3197,24.70089,4000.0,596.6141,862.2578,125
3199,24.70089,4000.0,596.6141,862.2578,125
3201,24.70089,4000.0,596.6141,862.2578,125
3203,24.70304,4000.0,585.6451,848.813,125
3205,24.70304,4000.0,585.6451,848.813,125
3207,24.80768,4000.0,585.1211,831.7394,125
3209,24.80768,4000.0,585.1211,831.7394,125
3211,24.80768,4000.0,585.1211,831.7394,125
3213,24.78617,4000.0,587.7182,837.9699,125
3215,24.78617,4000.0,587.7182,837.9699,125
3217,24.69902,162.9559,586.4806,850.466,125
3219,24.69902,162.9559,586.4806,850.466,125
3221,24.69902,162.9559,586.4806,850.466,125
3223,24.58762,4000.0,573.4871,853.5876,125
3225,24.58762,4000.0,573.4871,853.5876,125
3227,24.54738,4000.0,573.5923,860.851,125
3229,24.54738,4000.0,573.5923,860.851,125
3231,24.54738,4000.0,573.5923,860.851,125
3233,24.66326,4000.0,578.9318,847.3813,125
3235,24.66326,4000.0,578.9318,847.3813,125
3237,24.59769,4000.0,575.9836,854.9261,125
3239,24.59769,4000.0,575.9836,854.9261,125
3241,24.59769,4000.0,575.9836,854.9261,125
3243,24.70938,4000.0,593.1924,856.7231,125
3245,24.70938,4000.0,593.1924,856.7231,125
3247,24.87204,4000.0,607.486,846.9705,125
3249,24.87204,4000.0,607.486,846.9705,125
3251,24.87204,4000.0,607.486,846.9705,125
3253,24.93501,4000.0,604.0461,833.7191,125
3255,24.93501,4000.0,604.0461,833.7191,125
3257,24.84615,4000.0,604.5866,847.752,125
3259,24.84615,4000.0,604.5866,847.752,125
3261,24.84615,4000.0,604.5866,847.752,125
3263,24.72971,174.8459,597.498,858.4251,125
3265,24.72971,174.8459,597.498,858.4251,125
3267,24.82092,4000.0,613.9552,862.4569,125
3269,24.82092,4000.0,613.9552,862.4569,125
3271,24.82092,4000.0,613.9552,862.4569,125
3273,24.87527,139.2449,625.7474,866.9377,125
3275,24.87527,139.2449,625.7474,866.9377,125
3277,24.77056,4000.0,610.613,867.0034,125
3279,24.77056,4000.0,610.613,867.0034,125
3281,24.77056,4000.0,610.613,867.0034,125
3283,24.8634,4000.0,609.5537,850.6287,125
3285,24.8634,4000.0,609.5537,850.6287,125
3287,24.86426,4000.0,615.3052,856.9526,125
3289,24.86426,4000.0,615.3052,856.9526,125
3291,24.86426,4000.0,615.3052,856.9526,125
3293,24.73314,165.8219,599.3796,860.076,125
3295,24.73314,165.8219,599.3796,860.076,125
3297,24.76254,4000.0,610.5552,868.303,125
3299,24.76254,4000.0,610.5552,868.303,125
3301,24.76254,4000.0,610.5552,868.303,125
3303,24.91429,4000.0,620.5789,854.9084,125
3305,24.91429,4000.0,620.5789,854.9084,125
3307,24.91429,4000.0,620.5789,854.9084,125
3309,24.86669,146.7658,611.0172,851.7512,125
3311,24.86669,146.7658,611.0172,851.7512,125
3313,24.85367,143.7626,620.0712,864.0569,125
3315,24.85367,143.7626,620.0712,864.0569,125
3317,24.85367,143.7626,620.0712,864.0569,125
3319,24.73614,4000.0,604.1938,865.2815,125
3321,24.73614,4000.0,604.1938,865.2815,125
3323,24.73277,4000.0,592.7693,852.335,125
3325,24.73277,4000.0,592.7693,852.335,125
3327,24.73277,4000.0,592.7693,852.335,125
3329,24.68215,180.8261,585.7407,852.3907,125
3331,24.68215,180.8261,585.7407,852.3907,125
3333,24.79835,4000.0,602.3913,852.8458,125
3335,24.79835,4000.0,602.3913,852.8458,125
3337,24.79835,4000.0,602.3913,852.8458,125
3339,24.95639,4000.0,616.6157,844.1332,125
3341,24.95639,4000.0,616.6157,844.1332,125
3343,24.85714,4000.0,606.4119,848.0862,125
3345,24.85714,4000.0,606.4119,848.0862,125
3347,24.85714,4000.0,606.4119,848.0862,125
3349,24.80883,4000.0,609.2956,859.0857,125
3351,24.80883,4000.0,609.2956,859.0857,125
3353,24.77987,4000.0,613.5508,868.8693,125
3355,24.77987,4000.0,613.5508,868.8693,125
3357,24.77987,4000.0,613.5508,868.8693,125
3359,24.71244,4000.0,598.6102,862.6741,125
3361,24.71244,4000.0,598.6102,862.6741,125
3363,24.82534,4000.0,600.2629,846.1274,125
3365,24.82534,4000.0,600.2629,846.1274,125
3367,24.82534,4000.0,600.2629,846.1274,125
3369,24.78884,4000.0,597.7115,848.992,125
3371,24.78884,4000.0,597.7115,848.992,125
3373,24.74673,4000.0,596.3416,854.2322,125
3375,24.74673,4000.0,596.3416,854.2322,125
3377,24.74673,4000.0,596.3416,854.2322,125
3379,24.903,4000.0,612.2402,847.4647,125
3381,24.903,4000.0,612.2402,847.4647,125
3383,24.89551,4000.0,614.0214,850.5908,125
3385,24.89551,4000.0,614.0214,850.5908,125
3387,24.89551,4000.0,614.0214,850.5908,125
3389,24.79222,157.5363,603.5909,855.2202,125
3391,24.79222,157.5363,603.5909,855.2202,125
3393,24.84175,167.5878,617.9615,863.6143,125
3395,24.84175,167.5878,617.9615,863.6143,125
3397,24.84175,167.5878,617.9615,863.6143,125
3399,24.72238,4000.0,606.4518,870.3595,125
3401,24.72238,4000.0,606.4518,870.3595,125
3403,24.74595,4000.0,597.8705,856.1556,125
3405,24.74595,4000.0,597.8705,856.1556,125
3407,24.74595,4000.0,597.8705,856.1556,125
3409,24.84838,148.8645,609.1579,852.553,125
3411,24.84838,148.8645,609.1579,852.553,125
3413,24.71561,4000.0,594.9719,857.7944,125
3415,24.71561,4000.0,594.9719,857.7944,125
3417,24.71561,4000.0,594.9719,857.7944,125
3419,24.65349,4000.0,579.7529,849.9977,125
3421,24.65349,4000.0,579.7529,849.9977,125
3423,24.63828,4000.0,583.2573,856.8378,125
3425,24.63828,4000.0,583.2573,856.8378,125
3427,24.63828,4000.0,583.2573,856.8378,125
3429,24.78367,4000.0,591.6486,842.8521,125
3431,24.78367,4000.0,591.6486,842.8521,125
3433,24.70933,170.8145,584.0276,845.8741,125
3435,24.70933,170.8145,584.0276,845.8741,125
3437,24.70933,170.8145,584.0276,845.8741,125
3439,24.61233,4000.0,579.0637,856.184,125
3441,24.61233,4000.0,579.0637,856.184,125
3443,24.53692,4000.0,571.7891,860.4546,125
3445,24.53692,4000.0,571.7891,860.4546,125
3447,24.53692,4000.0,571.7891,860.4546,125
3449,24.65713,4000.0,579.4739,849.0523,125
3451,24.65713,4000.0,579.4739,849.0523,125
3453,24.58146,4000.0,573.9473,855.2349,125
3455,24.58146,4000.0,573.9473,855.2349,125
3457,24.58146,4000.0,573.9473,855.2349,125
3459,24.65857,4000.0,590.0423,861.608,125
3461,24.65857,4000.0,590.0423,861.608,125
3463,24.81055,4000.0,605.4609,854.4012,125
3465,24.81055,4000.0,605.4609,854.4012,125
3467,24.81055,4000.0,605.4609,854.4012,125
3469,24.88788,4000.0,603.4993,840.1266,125
3471,24.88788,4000.0,603.4993,840.1266,125
3473,24.86209,4000.0,610.0402,851.3798,125
3475,24.86209,4000.0,610.0402,851.3798,125
3477,24.86209,4000.0,610.0402,851.3798,125
3479,24.75318,4000.0,601.6073,859.3447,125
3481,24.75318,4000.0,601.6073,859.3447,125
3483,24.64925,144.16,591.9022,865.5157,125
3485,24.64925,144.16,591.9022,865.5157,125
3487,24.64925,144.16,591.9022,865.5157,125
3489,24.73184,4000.0,607.6674,870.1667,125
3491,24.73184,4000.0,607.6674,870.1667,125
3493,24.88756,4000.0,620.4911,859.042,125
3495,24.88756,4000.0,620.4911,859.042,125
3497,24.88756,4000.0,620.4911,859.042,125
3499,24.90914,4000.0,613.3338,847.7252,125
3501,24.90914,4000.0,613.3338,847.7252,125
3503,24.88256,149.1515,620.7092,860.0876,125
3505,24.88256,149.1515,620.7092,860.0876,125
3507,24.88256,149.1515,620.7092,860.0876,125
3509,24.75466,4000.0,607.5937,866.1507,125
3511,24.75466,4000.0,607.5937,866.1507,125
3513,24.71375,4000.0,593.3387,856.1649,125
3515,24.71375,4000.0,593.3387,856.1649,125
3517,24.71375,4000.0,593.3387,856.1649,125
3519,24.63943,179.9391,586.8199,861.0005,125
3521,24.63943,179.9391,586.8199,861.0005,125
3523,24.75724,4000.0,603.1248,860.4501,125
3525,24.75724,4000.0,603.1248,860.4501,125
3527,24.75724,4000.0,603.1248,860.4501,125
3529,24.90048,4000.0,609.8245,845.1867,125
3531,24.90048,4000.0,609.8245,845.1867,125
3533,24.87592,4000.0,609.3451,848.4404,125
3535,24.87592,4000.0,609.3451,848.4404,125
3537,24.87592,4000.0,609.3451,848.4404,125
3539,24.8264,4000.0,609.8434,856.854,125
3541,24.8264,4000.0,609.8434,856.854,125
3543,24.71616,144.1444,595.1103,857.8663,125
3545,24.71616,144.1444,595.1103,857.8663,125
3547,24.71616,144.1444,595.1103,857.8663,125
3549,24.76759,4000.0,608.5792,865.1167,125
3551,24.76759,4000.0,608.5792,865.1167,125
3553,24.76759,4000.0,608.5792,865.1167,125
3555,24.92559,4000.0,623.7056,856.5807,125
3557,24.92559,4000.0,623.7056,856.5807,125
3559,25.08044,141.8619,630.6299,840.704,125
3561,25.08044,141.8619,630.6299,840.704,125
3563,25.08044,141.8619,630.6299,840.704,125
3565,25.05497,4000.0,626.5011,840.1021,125
3567,25.05497,4000.0,626.5011,840.1021,125
3569,24.94944,171.0631,621.7008,850.6922,125
3571,24.94944,171.0631,621.7008,850.6922,125
3573,24.94944,171.0631,621.7008,850.6922,125
3575,24.97304,4000.0,633.424,859.7436,125
3577,24.97304,4000.0,633.424,859.7436,125
3579,24.85122,4000.0,623.7158,868.6104,125
3581,24.85122,4000.0,623.7158,868.6104,125
3583,24.85122,4000.0,623.7158,868.6104,125
3585,24.78494,4000.0,607.8688,861.376,125
3587,24.78494,4000.0,607.8688,861.376,125
3589,24.72069,4000.0,606.4992,870.7108,125
3591,24.72069,4000.0,606.4992,870.7108,125
3593,24.72069,4000.0,606.4992,870.7108,125
3595,24.99946,4000.0,627.5323,849.369,125
3597,24.99946,4000.0,627.5323,849.369,125
3599,25.08956,4000.0,632.3427,841.1534,125
3601,25.08956,4000.0,632.3427,841.1534,125
3603,25.08956,4000.0,632.3427,841.1534,125
3605,24.96605,151.613,620.756,847.1449,125
3607,24.96605,151.613,620.756,847.1449,125
3609,24.83175,4000.0,605.5775,851.1401,125
3611,24.83175,4000.0,605.5775,851.1401,125
3613,24.83175,4000.0,605.5775,851.1401,125
3615,24.81436,4000.0,613.0401,862.4868,125
3617,24.81436,4000.0,613.0401,862.4868,125
3619,24.89628,135.8564,628.2574,866.3179,125
3621,24.89628,135.8564,628.2574,866.3179,125
3623,24.89628,135.8564,628.2574,866.3179,125
3625,24.77876,4000.0,614.6993,870.4066,125
3627,24.77876,4000.0,614.6993,870.4066,125
3629,24.84717,4000.0,610.8789,854.6903,125
3631,24.84717,4000.0,610.8789,854.6903,125
3633,24.84717,4000.0,610.8789,854.6903,125
3635,24.88641,165.3483,619.8101,858.4653,125
3637,24.88641,165.3483,619.8101,858.4653,125
3639,24.75254,4000.0,603.161,861.28,125
3641,24.75254,4000.0,603.161,861.28,125
3643,24.75254,4000.0,603.161,861.28,125
3645,24.67081,196.8049,600.0418,871.6832,125
3647,24.67081,196.8049,600.0418,871.6832,125
3649,24.78753,4000.0,616.9015,871.4888,125
3651,24.78753,4000.0,616.9015,871.4888,125
3653,24.78753,4000.0,616.9015,871.4888,125
3655,24.93993,4000.0,627.1541,858.111,125
3657,24.93993,4000.0,627.1541,858.111,125
3659,24.90117,145.9657,617.4673,853.5244,125
3661,24.90117,145.9657,617.4673,853.5244,125
3663,24.90117,145.9657,617.4673,853.5244,125
3665,24.93608,4000.0,630.489,862.3782,125
3667,24.93608,4000.0,630.489,862.3782,125
3669,24.81386,4000.0,620.3975,871.0751,125
3671,24.81386,4000.0,620.3975,871.0751,125
3673,24.81386,4000.0,620.3975,871.0751,125
3675,24.81425,4000.0,609.3511,858.2638,125
3677,24.81425,4000.0,609.3511,858.2638,125
3679,24.94877,4000.0,616.2625,844.8965,125
3681,24.94877,4000.0,616.2625,844.8965,125
3683,24.94877,4000.0,616.2625,844.8965,125
3685,24.84427,4000.0,606.7399,850.4747,125
3687,24.84427,4000.0,606.7399,850.4747,125
3689,24.76654,4000.0,603.6616,859.5285,125
3691,24.76654,4000.0,603.6616,859.5285,125
3693,24.76654,4000.0,603.6616,859.5285,125
3695,24.75616,170.6565,611.4585,870.4699,125
3697,24.75616,170.6565,611.4585,870.4699,125
3699,24.66791,126.5434,595.8545,867.0694,125
3701,24.66791,126.5434,595.8545,867.0694,125
3703,24.66791,126.5434,595.8545,867.0694,125
3705,24.74722,4000.0,593.3433,850.6424,125
3707,24.74722,4000.0,593.3433,850.6424,125
3709,24.77208,4000.0,599.1299,853.3353,125
3711,24.77208,4000.0,599.1299,853.3353,125
3713,24.77208,4000.0,599.1299,853.3353,125
3715,24.67144,152.8225,584.1227,852.2459,125
3717,24.67144,152.8225,584.1227,852.2459,125
3719,24.76482,4000.0,597.6566,852.8049,125
3721,24.76482,4000.0,597.6566,852.8049,125
3723,24.76482,4000.0,597.6566,852.8049,125
3725,24.81918,4000.0,593.8686,839.8526,125
3727,24.81918,4000.0,593.8686,839.8526,125
3729,24.72394,4000.0,593.2171,854.321,125
3731,24.72394,4000.0,593.2171,854.321,125
3733,24.72394,4000.0,593.2171,854.321,125
3735,24.6448,102.7808,577.9417,849.2697,125
3737,24.6448,102.7808,577.9417,849.2697,125
3739,24.58029,4000.0,576.5565,858.6917,125
3741,24.58029,4000.0,576.5565,858.6917,125
3743,24.58029,4000.0,576.5565,858.6917,125
3745,24.69311,4000.0,593.5708,859.9326,125
3747,24.69311,4000.0,593.5708,859.9326,125
3749,24.84607,4000.0,603.4619,846.4987,125
3751,24.84607,4000.0,603.4619,846.4987,125
3753,24.84607,4000.0,603.4619,846.4987,125
3755,24.79043,182.0588,596.7769,847.6653,125
3757,24.79043,182.0588,596.7769,847.6653,125
3759,24.71081,175.7548,595.1222,858.7825,125
3761,24.71081,175.7548,595.1222,858.7825,125
3763,24.71081,175.7548,595.1222,858.7825,125
3765,24.66408,4000.0,580.9105,849.6194,125
3767,24.66408,4000.0,580.9105,849.6194,125
3769,24.61119,199.8239,574.302,850.5321,125
3771,24.61119,199.8239,574.302,850.5321,125
3773,24.61119,199.8239,574.302,850.5321,125
3775,24.57839,4000.0,578.2606,861.163,125
3777,24.57839,4000.0,578.2606,861.163,125
3779,24.55915,4000.0,567.3625,850.934,125
3781,24.55915,4000.0,567.3625,850.934,125
3783,24.55915,4000.0,567.3625,850.934,125
3785,24.6288,152.86,577.231,851.11,125
3787,24.6288,152.86,577.231,851.11,125
3789,24.54111,4000.0,574.8981,863.6503,125
3791,24.54111,4000.0,574.8981,863.6503,125
3793,24.54111,4000.0,574.8981,863.6503,125
3795,24.67516,4000.0,585.716,853.5358,125
3797,24.67516,4000.0,585.716,853.5358,125
3799,24.60546,153.5426,576.3213,853.9966,125
3801,24.60546,153.5426,576.3213,853.9966,125
3803,24.60546,153.5426,576.3213,853.9966,125
3805,24.7099,4000.0,591.7123,854.8763,125
3807,24.7099,4000.0,591.7123,854.8763,125
3809,24.7099,4000.0,591.7123,854.8763,125
3811,24.78015,4000.0,589.7155,841.1892,125
3813,24.78015,4000.0,589.7155,841.1892,125
3815,24.71246,151.3311,591.8453,854.6061,125
3817,24.71246,151.3311,591.8453,854.6061,125
3819,24.71246,151.3311,591.8453,854.6061,125
3821,24.6311,4000.0,577.5528,851.1121,125
3823,24.6311,4000.0,577.5528,851.1121,125
3825,24.55858,187.8848,571.3697,856.0446,125
3827,24.55858,187.8848,571.3697,856.0446,125
3829,24.55858,187.8848,571.3697,856.0446,125
3831,24.65462,4000.0,587.9942,859.7964,125
3833,24.65462,4000.0,587.9942,859.7964,125
3835,24.8084,4000.0,599.6348,848.0831,125
3837,24.8084,4000.0,599.6348,848.0831,125
3839,24.8084,4000.0,599.6348,848.0831,125
3841,24.75997,161.1723,591.831,846.8229,125
3843,24.75997,161.1723,591.831,846.8229,125
3845,24.69884,4000.0,593.9281,859.3854,125
3847,24.69884,4000.0,593.9281,859.3854,125
3849,24.69884,4000.0,593.9281,859.3854,125
3851,24.63517,4000.0,579.0478,852.239,125
3853,24.63517,4000.0,579.0478,852.239,125
3855,24.69335,4000.0,573.2122,835.7259,125
3857,24.69335,4000.0,573.2122,835.7259,125
3859,24.69335,4000.0,573.2122,835.7259,125
3861,24.78941,170.9827,582.4285,831.4625,125
3863,24.78941,170.9827,582.4285,831.4625,125
3865,24.65553,169.8045,572.9133,841.4546,125
3867,24.65553,169.8045,572.9133,841.4546,125
3869,24.65553,169.8045,572.9133,841.4546,125
3871,24.56448,4000.0,570.1095,853.4283,125
3873,24.56448,4000.0,570.1095,853.4283,125
3875,24.56337,4000.0,575.6909,860.6228,125
3877,24.56337,4000.0,575.6909,860.6228,125
3879,24.56337,4000.0,575.6909,860.6228,125
3881,24.65119,4000.0,576.463,846.4211,125
3883,24.65119,4000.0,576.463,846.4211,125
3885,24.59839,4000.0,577.4802,856.6564,125
3887,24.59839,4000.0,577.4802,856.6564,125
3889,24.59839,4000.0,577.4802,856.6564,125
3891,24.71112,4000.0,594.4758,857.9609,125
3893,24.71112,4000.0,594.4758,857.9609,125
3895,24.86541,4000.0,604.2183,844.3504,125
3897,24.86541,4000.0,604.2183,844.3504,125
3899,24.86541,4000.0,604.2183,844.3504,125
3901,24.80432,168.0377,596.9095,845.6176,125
3903,24.80432,168.0377,596.9095,845.6176,125
3905,24.69786,4000.0,589.0048,853.6646,125
3907,24.69786,4000.0,589.0048,853.6646,125
3909,24.69786,4000.0,589.0048,853.6646,125
3911,24.62424,4000.0,582.1523,857.9152,125
3913,24.62424,4000.0,582.1523,857.9152,125
3915,24.76002,4000.0,593.0746,848.2576,125
3917,24.76002,4000.0,593.0746,848.2576,125
3919,24.76002,4000.0,593.0746,848.2576,125
3921,24.71353,4000.0,589.39,851.5194,125
3923,24.71353,4000.0,589.39,851.5194,125
3925,24.75086,145.7458,601.7076,859.8513,125
3927,24.75086,145.7458,601.7076,859.8513,125
3929,24.75086,145.7458,601.7076,859.8513,125
3931,24.65857,115.768,586.8806,857.7618,125
3933,24.65857,115.768,586.8806,857.7618,125
3935,24.74123,4000.0,584.4937,841.2993,125
3937,24.74123,4000.0,584.4937,841.2993,125
3939,24.74123,4000.0,584.4937,841.2993,125
3941,24.75891,4000.0,591.1879,846.2477,125
3943,24.75891,4000.0,591.1879,846.2477,125
3945,24.72394,4000.0,595.2433,856.72,125
3947,24.72394,4000.0,595.2433,856.72,125
3949,24.72394,4000.0,595.2433,856.72,125
3951,24.84573,4000.0,611.9006,856.077,125
3953,24.84573,4000.0,611.9006,856.077,125
3955,24.7286,4000.0,601.8366,863.7643,125
3957,24.7286,4000.0,601.8366,863.7643,125
3959,24.7286,4000.0,601.8366,863.7643,125
3961,24.7187,4000.0,589.9906,851.3754,125
3963,24.7187,4000.0,589.9906,851.3754,125
3965,24.81527,145.2132,588.2347,834.0978,125
3967,24.81527,145.2132,588.2347,834.0978,125
3969,24.81527,145.2132,588.2347,834.0978,125
3971,24.82429,4000.0,591.852,836.7974,125
3973,24.82429,4000.0,591.852,836.7974,125
3975,24.73851,195.702,589.1815,847.1935,125
3977,24.73851,195.702,589.1815,847.1935,125
3979,24.73851,195.702,589.1815,847.1935,125
3981,24.61085,4000.0,577.6447,854.693,125
3983,24.61085,4000.0,577.6447,854.693,125
3985,24.59016,4000.0,582.4581,864.3184,125
3987,24.59016,4000.0,582.4581,864.3184,125
3989,24.59016,4000.0,582.4581,864.3184,125
3991,24.68761,4000.0,574.2684,837.8787,125
3993,24.68761,4000.0,574.2684,837.8787,125
3995,24.81629,4000.0,583.626,828.7684,125
3997,24.81629,4000.0,583.626,828.7684,125
3999,24.81629,4000.0,583.626,828.7684,125
4001,24.70614,4000.0,583.2393,845.4636,125
4003,24.70614,4000.0,583.2393,845.4636,125
4005,24.64056,4000.0,583.5197,856.7662,125
4007,24.64056,4000.0,583.5197,856.7662,125
4009,24.64056,4000.0,583.5197,856.7662,125
4011,24.77226,4000.0,600.402,854.7828,125
4013,24.77226,4000.0,600.402,854.7828,125
4015,24.92986,4000.0,609.6227,840.528,125
4017,24.92986,4000.0,609.6227,840.528,125
4019,24.92986,4000.0,609.6227,840.528,125
4021,24.87881,183.1909,603.5927,841.6043,125
4023,24.87881,183.1909,603.5927,841.6043,125
4025,24.75459,4000.0,594.3535,850.6241,125
4027,24.75459,4000.0,594.3535,850.6241,125
4029,24.75459,4000.0,594.3535,850.6241,125
4031,24.71433,4000.0,598.9323,862.7352,125
4033,24.71433,4000.0,598.9323,862.7352,125
4035,24.8452,4000.0,615.9836,860.796,125
4037,24.8452,4000.0,615.9836,860.796,125
4039,24.8452,4000.0,615.9836,860.796,125
4041,24.94088,138.246,628.911,859.8846,125
4043,24.94088,138.246,628.911,859.8846,125
4045,24.80448,4000.0,613.9894,865.2264,125
4047,24.80448,4000.0,613.9894,865.2264,125
4049,24.80448,4000.0,613.9894,865.2264,125
4051,24.71962,187.8327,598.6475,861.4933,125
4053,24.71962,187.8327,598.6475,861.4933,125
4055,24.71962,187.8327,598.6475,861.4933,125
4057,24.73225,4000.0,608.7747,871.4214,125
4059,24.73225,4000.0,608.7747,871.4214,125
4061,24.88408,4000.0,622.7507,862.1305,125
4063,24.88408,4000.0,622.7507,862.1305,125
4065,24.88408,4000.0,622.7507,862.1305,125
4067,24.92736,4000.0,617.0541,849.0116,125
4069,24.92736,4000.0,617.0541,849.0116,125
4071,24.88681,4000.0,622.4384,861.3404,125
4073,24.88681,4000.0,622.4384,861.3404,125
4075,24.88681,4000.0,622.4384,861.3404,125
4077,24.79765,4000.0,618.6061,871.752,125
4079,24.79765,4000.0,618.6061,871.752,125
4081,24.7653,4000.0,605.3552,861.7177,125
4083,24.7653,4000.0,605.3552,861.7177,125
4085,24.7653,4000.0,605.3552,861.7177,125
4087,24.89351,4000.0,610.2711,846.749,125
4089,24.89351,4000.0,610.2711,846.749,125
4091,24.81824,4000.0,606.7097,854.5912,125
4093,24.81824,4000.0,606.7097,854.5912,125
4095,24.81824,4000.0,606.7097,854.5912,125
4097,24.71277,157.9831,597.7484,861.5858,125
4099,24.71277,157.9831,597.7484,861.5858,125
4101,24.80178,4000.0,614.0395,865.7355,125
4103,24.80178,4000.0,614.0395,865.7355,125
4105,24.80178,4000.0,614.0395,865.7355,125
4107,24.82159,168.0988,622.4965,872.1931,125
4109,24.82159,168.0988,622.4965,872.1931,125
4111,24.72161,4000.0,606.179,870.1649,125
4113,24.72161,4000.0,606.179,870.1649,125
4115,24.72161,4000.0,606.179,870.1649,125
4117,24.76585,4000.0,599.5227,854.8101,125
4119,24.76585,4000.0,599.5227,854.8101,125
4121,24.85707,145.2651,610.702,852.9169,125
4123,24.85707,145.2651,610.702,852.9169,125
4125,24.85707,145.2651,610.702,852.9169,125
4127,24.72596,4000.0,595.7351,856.9645,125
4129,24.72596,4000.0,595.7351,856.9645,125
4131,24.68134,4000.0,598.841,868.3481,125
4133,24.68134,4000.0,598.841,868.3481,125
4135,24.68134,4000.0,598.841,868.3481,125
4137,24.82821,4000.0,613.8362,861.1224,125
4139,24.82821,4000.0,613.8362,861.1224,125
4141,24.89129,4000.0,610.2275,847.0426,125
4143,24.89129,4000.0,610.2275,847.0426,125
4145,24.89129,4000.0,610.2275,847.0426,125
4147,24.86099,4000.0,615.7485,857.9774,125
4149,24.86099,4000.0,615.7485,857.9774,125
4151,24.82392,4000.0,619.0557,867.8265,125
4153,24.82392,4000.0,619.0557,867.8265,125
4155,24.82392,4000.0,619.0557,867.8265,125
4157,24.72656,4000.0,602.2964,864.6618,125
4159,24.72656,4000.0,602.2964,864.6618,125
4161,24.71069,4000.0,590.1514,852.8903,125
4163,24.71069,4000.0,590.1514,852.8903,125
4165,24.71069,4000.0,590.1514,852.8903,125
4167,24.65754,4000.0,591.0974,863.0746,125
4169,24.65754,4000.0,591.0974,863.0746,125
4171,24.8048,4000.0,606.5729,856.6096,125
4173,24.8048,4000.0,606.5729,856.6096,125
4175,24.8048,4000.0,606.5729,856.6096,125
4177,24.90413,4000.0,606.7505,841.2518,125
4179,24.90413,4000.0,606.7505,841.2518,125
4181,24.87649,197.7246,611.2718,850.4996,125
4183,24.87649,197.7246,611.2718,850.4996,125
4185,24.87649,197.7246,611.2718,850.4996,125
4187,24.75058,4000.0,599.8151,857.6727,125
4189,24.75058,4000.0,599.8151,857.6727,125
4191,24.66582,4000.0,595.1877,866.6236,125
4193,24.66582,4000.0,595.1877,866.6236,125
4195,24.66582,4000.0,595.1877,866.6236,125
4197,24.79335,4000.0,611.4214,864.1058,125
4199,24.79335,4000.0,611.4214,864.1058,125
4201,24.91914,4000.0,615.2277,848.2715,125
4203,24.91914,4000.0,615.2277,848.2715,125
4205,24.91914,4000.0,615.2277,848.2715,125
4207,24.85443,4000.0,613.0197,855.9478,125
4209,24.85443,4000.0,613.0197,855.9478,125
4211,24.78793,4000.0,613.0339,866.8963,125
4213,24.78793,4000.0,613.0339,866.8963,125
4215,24.78793,4000.0,613.0339,866.8963,125
4217,24.69639,4000.0,596.3314,862.6912,125
4219,24.69639,4000.0,596.3314,862.6912,125
4221,24.69145,4000.0,584.7819,849.6987,125
4223,24.69145,4000.0,584.7819,849.6987,125
4225,24.69145,4000.0,584.7819,849.6987,125
4227,24.6565,154.4777,575.3327,844.1872,125
4229,24.6565,154.4777,575.3327,844.1872,125
4231,24.65875,156.1066,584.8382,855.2548,125
4233,24.65875,156.1066,584.8382,855.2548,125
4235,24.65875,156.1066,584.8382,855.2548,125
4237,24.56276,4000.0,569.8596,853.4188,125
4239,24.56276,4000.0,569.8596,853.4188,125
4241,24.57125,4000.0,575.7951,859.3445,125
4243,24.57125,4000.0,575.7951,859.3445,125
4245,24.57125,4000.0,575.7951,859.3445,125
4247,24.64501,4000.0,574.3135,844.8616,125
4249,24.64501,4000.0,574.3135,844.8616,125
4251,24.58053,161.7033,574.6501,856.2712,125
4253,24.58053,161.7033,574.6501,856.2712,125
4255,24.58053,161.7033,574.6501,856.2712,125
4257,24.4946,4000.0,563.1807,857.1473,125
4259,24.4946,4000.0,563.1807,857.1473,125
4261,24.59348,162.7683,572.8913,851.8375,125
4263,24.59348,162.7683,572.8913,851.8375,125
4265,24.59348,162.7683,572.8913,851.8375,125
4267,24.46127,4000.0,561.8066,861.5298,125
4269,24.46127,4000.0,561.8066,861.5298,125
4271,24.43526,196.4753,549.1939,849.9308,125
4273,24.43526,196.4753,549.1939,849.9308,125
4275,24.43526,196.4753,549.1939,849.9308,125
4277,24.53456,171.5069,555.5486,840.4891,125
4279,24.53456,171.5069,555.5486,840.4891,125
4281,24.43441,4000.0,551.6779,853.3115,125
4283,24.43441,4000.0,551.6779,853.3115,125
4285,24.43441,4000.0,551.6779,853.3115,125
4287,24.57751,4000.0,566.5331,846.7403,125
4289,24.57751,4000.0,566.5331,846.7403,125
4291,24.64716,4000.0,563.6539,831.7927,125
4293,24.64716,4000.0,563.6539,831.7927,125
4295,24.64716,4000.0,563.6539,831.7927,125
4297,24.60848,156.0334,567.6873,842.9261,125
4299,24.60848,156.0334,567.6873,842.9261,125
4301,24.4818,4000.0,553.4971,847.0791,125
4303,24.4818,4000.0,553.4971,847.0791,125
4305,24.4818,4000.0,553.4971,847.0791,125
4307,24.52855,4000.0,563.4738,851.4288,125
4309,24.52855,4000.0,563.4738,851.4288,125
4311,24.52855,4000.0,563.4738,851.4288,125
4313,24.66596,4000.0,569.5165,835.7321,125
4315,24.66596,4000.0,569.5165,835.7321,125
4317,24.60862,4000.0,563.43,837.7515,125
4319,24.60862,4000.0,563.43,837.7515,125
4321,24.60862,4000.0,563.43,837.7515,125
4323,24.55764,4000.0,563.9186,846.9149,125
4325,24.55764,4000.0,563.9186,846.9149,125
4327,24.48513,4000.0,559.8425,854.5845,125
4329,24.48513,4000.0,559.8425,854.5845,125
4331,24.48513,4000.0,559.8425,854.5845,125
4333,24.60633,175.0903,575.4079,852.722,125
4335,24.60633,175.0903,575.4079,852.722,125
4337,24.49519,4000.0,563.5727,857.5427,125
4339,24.49519,4000.0,563.5727,857.5427,125
4341,24.49519,4000.0,563.5727,857.5427,125
4343,24.58668,4000.0,564.4411,842.6203,125
4345,24.58668,4000.0,564.4411,842.6203,125
4347,24.50614,4000.0,550.6487,839.2509,125
4349,24.50614,4000.0,550.6487,839.2509,125
4351,24.50614,4000.0,550.6487,839.2509,125
4353,24.56172,4000.0,543.5907,821.4601,125
4355,24.56172,4000.0,543.5907,821.4601,125
4357,24.64968,36.61011,547.7567,812.7855,125
4359,24.64968,36.61011,547.7567,812.7855,125
4361,24.64968,36.61011,547.7567,812.7855,125
4363,24.57754,190.303,550.1321,826.7826,125
4365,24.57754,190.303,550.1321,826.7826,125
4367,24.50117,159.2303,549.8335,839.0867,125
4369,24.50117,159.2303,549.8335,839.0867,125
4371,24.50117,159.2303,549.8335,839.0867,125
4373,24.56929,168.5515,563.7683,844.736,125
4375,24.56929,168.5515,563.7683,844.736,125
4377,24.44499,133.3877,550.5361,849.8935,125
4379,24.44499,133.3877,550.5361,849.8935,125
4381,24.44499,133.3877,550.5361,849.8935,125
4383,24.45873,4000.0,558.4583,857.6371,125
4385,24.45873,4000.0,558.4583,857.6371,125
4387,24.4341,4000.0,561.4567,866.2338,125
4389,24.4341,4000.0,561.4567,866.2338,125
4391,24.4341,4000.0,561.4567,866.2338,125
4393,24.41268,4000.0,550.5497,855.8799,125
4395,24.41268,4000.0,550.5497,855.8799,125
4397,24.49826,144.2316,561.4083,854.2147,125
4399,24.49826,144.2316,561.4083,854.2147,125
4401,24.49826,144.2316,561.4083,854.2147,125
4403,24.39019,180.734,556.3756,867.9886,125
4405,24.39019,180.734,556.3756,867.9886,125
4407,24.51263,4000.0,570.0338,862.6483,125
4409,24.51263,4000.0,570.0338,862.6483,125
4411,24.51263,4000.0,570.0338,862.6483,125
4413,24.48837,4000.0,560.045,854.2578,125
4415,24.48837,4000.0,560.045,854.2578,125
4417,24.50645,4000.0,569.3094,862.8571,125
4419,24.50645,4000.0,569.3094,862.8571,125
4421,24.50645,4000.0,569.3094,862.8571,125
4423,24.607,98.25231,572.0491,848.4894,125
4425,24.607,98.25231,572.0491,848.4894,125
4427,24.52936,4000.0,568.3139,857.4053,125
4429,24.52936,4000.0,568.3139,857.4053,125
4431,24.52936,4000.0,568.3139,857.4053,125
4433,24.66191,4000.0,584.7479,854.6079,125
4435,24.66191,4000.0,584.7479,854.6079,125
4437,24.79572,4000.0,589.4262,838.4377,125
4439,24.79572,4000.0,589.4262,838.4377,125
4441,24.79572,4000.0,589.4262,838.4377,125
4443,24.76079,4000.0,588.3167,842.6268,125
4445,24.76079,4000.0,588.3167,842.6268,125
4447,24.67895,158.4665,585.4796,852.6147,125
4449,24.67895,158.4665,585.4796,852.6147,125
4451,24.67895,158.4665,585.4796,852.6147,125
4453,24.75097,4000.0,598.8692,856.4974,125
4455,24.75097,4000.0,598.8692,856.4974,125
4457,24.88914,4000.0,605.0732,841.6725,125
4459,24.88914,4000.0,605.0732,841.6725,125
4461,24.88914,4000.0,605.0732,841.6725,125
4463,24.81918,4000.0,602.1464,849.2363,125
4465,24.81918,4000.0,602.1464,849.2363,125
4467,24.72361,4000.0,595.5838,857.1784,125
4469,24.72361,4000.0,595.5838,857.1784,125
4471,24.72361,4000.0,595.5838,857.1784,125
4473,24.63259,157.7499,580.7239,854.7231,125
4475,24.63259,157.7499,580.7239,854.7231,125
4477,24.69038,4000.0,593.6035,860.4381,125
4479,24.69038,4000.0,593.6035,860.4381,125
4481,24.69038,4000.0,593.6035,860.4381,125
4483,24.83116,4000.0,600.8302,845.8593,125
4485,24.83116,4000.0,600.8302,845.8593,125
4487,24.77333,4000.0,597.0453,850.7149,125
4489,24.77333,4000.0,597.0453,850.7149,125
4491,24.77333,4000.0,597.0453,850.7149,125
4493,24.78223,154.5042,607.2438,861.0995,125
4495,24.78223,154.5042,607.2438,861.0995,125
4497,24.67874,4000.0,591.4623,859.8504,125
4499,24.67874,4000.0,591.4623,859.8504,125
4501,24.67874,4000.0,591.4623,859.8504,125
4503,24.70361,4000.0,582.54,845.0497,125
4505,24.70361,4000.0,582.54,845.0497,125
4507,24.82538,177.7483,590.5688,835.1897,125
4509,24.82538,177.7483,590.5688,835.1897,125
4511,24.82538,177.7483,590.5688,835.1897,125
4513,24.71064,4000.0,576.9249,837.3327,125
4515,24.71064,4000.0,576.9249,837.3327,125
4517,24.6596,185.7658,581.2985,850.8358,125
4519,24.6596,185.7658,581.2985,850.8358,125
4521,24.6596,185.7658,581.2985,850.8358,125
4523,24.57549,4000.0,578.8605,862.4365,125
4525,24.57549,4000.0,578.8605,862.4365,125
4527,24.71684,4000.0,594.1682,856.633,125
4529,24.71684,4000.0,594.1682,856.633,125
4531,24.71684,4000.0,594.1682,856.633,125
4533,24.73485,165.8159,588.4761,846.9609,125
4535,24.73485,165.8159,588.4761,846.9609,125
4537,24.8015,4000.0,602.5757,852.5504,125
4539,24.8015,4000.0,602.5757,852.5504,125
4541,24.8015,4000.0,602.5757,852.5504,125
4543,24.77999,4000.0,605.5361,859.4827,125
4545,24.77999,4000.0,605.5361,859.4827,125
4547,24.6686,147.9677,590.3947,860.3007,125
4549,24.6686,147.9677,590.3947,860.3007,125
4551,24.6686,147.9677,590.3947,860.3007,125
4553,24.6918,4000.0,602.0304,870.3839,125
4555,24.6918,4000.0,602.0304,870.3839,125
4557,24.6918,4000.0,602.0304,870.3839,125
4559,24.83914,4000.0,618.0154,864.1041,125
4561,24.83914,4000.0,618.0154,864.1041,125
4563,24.97579,4000.0,623.0869,848.182,125
4565,24.97579,4000.0,623.0869,848.182,125
4567,24.97579,4000.0,623.0869,848.182,125
4569,24.92249,4000.0,620.1597,853.1669,125
4571,24.92249,4000.0,620.1597,853.1669,125
4573,24.91165,4000.0,626.9057,862.3262,125
4575,24.91165,4000.0,626.9057,862.3262,125
4577,24.91165,4000.0,626.9057,862.3262,125
4579,24.78472,139.8062,616.0477,870.9706,125
4581,24.78472,139.8062,616.0477,870.9706,125
4583,24.8878,4000.0,632.127,872.0588,125
4585,24.8878,4000.0,632.127,872.0588,125
4587,24.8878,4000.0,632.127,872.0588,125
4589,25.04509,4000.0,642.9206,858.722,125
4591,25.04509,4000.0,642.9206,858.722,125
4593,25.06184,4000.0,635.309,848.2526,125
4595,25.06184,4000.0,635.309,848.2526,125
4597,25.06184,4000.0,635.309,848.2526,125
4599,25.10072,4000.0,647.3647,854.9319,125
4601,25.10072,4000.0,647.3647,854.9319,125
4603,24.99213,4000.0,641.5245,865.4788,125
4605,24.99213,4000.0,641.5245,865.4788,125
4607,24.99213,4000.0,641.5245,865.4788,125
4609,24.89955,4000.0,636.6631,875.2017,125
4611,24.89955,4000.0,636.6631,875.2017,125
4613,25.02961,4000.0,652.9836,871.7696,125
4615,25.02961,4000.0,652.9836,871.7696,125
4617,25.02961,4000.0,652.9836,871.7696,125
4619,25.17381,164.1019,659.1962,856.0587,125
4621,25.17381,164.1019,659.1962,856.0587,125
4623,25.11235,157.335,649.8216,855.711,125
4625,25.11235,157.335,649.8216,855.711,125
4627,25.11235,157.335,649.8216,855.711,125
4629,25.18472,182.7322,665.2775,860.4867,125
4631,25.18472,182.7322,665.2775,860.4867,125
4633,25.05338,4000.0,654.3107,869.3995,125
4635,25.05338,4000.0,654.3107,869.3995,125
4637,25.05338,4000.0,654.3107,869.3995,125
4639,25.0111,4000.0,639.6957,860.546,125
4641,25.0111,4000.0,639.6957,860.546,125
4643,25.14384,4000.0,643.7053,844.91,125
4645,25.14384,4000.0,643.7053,844.91,125
4647,25.14384,4000.0,643.7053,844.91,125
4649,25.09151,4000.0,627.1917,835.5971,125
4651,25.09151,4000.0,627.1917,835.5971,125
4653,25.09266,152.1492,637.5073,846.0065,125
4655,25.09266,152.1492,637.5073,846.0065,125
4657,25.09266,152.1492,637.5073,846.0065,125
4659,25.06105,167.2356,644.7983,858.2531,125
4661,25.06105,167.2356,644.7983,858.2531,125
4663,24.91417,139.1559,630.2372,865.6168,125
4665,24.91417,139.1559,630.2372,865.6168,125
4667,24.91417,139.1559,630.2372,865.6168,125
4669,24.97034,4000.0,643.4035,870.9998,125
4671,24.97034,4000.0,643.4035,870.9998,125
4673,25.12522,4000.0,653.2831,857.3158,125
4675,25.12522,4000.0,653.2831,857.3158,125
4677,25.12522,4000.0,653.2831,857.3158,125
4679,25.10862,155.2645,643.8442,850.1601,125
4681,25.10862,155.2645,643.8442,850.1601,125
4683,25.10536,136.8577,654.3465,861.3926,125
4685,25.10536,136.8577,654.3465,861.3926,125
4687,25.10536,136.8577,654.3465,861.3926,125
4689,24.96474,4000.0,640.264,868.484,125
4691,24.96474,4000.0,640.264,868.484,125
4693,24.8872,4000.0,624.1846,863.2326,125
4695,24.8872,4000.0,624.1846,863.2326,125
4697,24.8872,4000.0,624.1846,863.2326,125
4699,24.87058,4000.0,630.6354,873.2499,125
4701,24.87058,4000.0,630.6354,873.2499,125
4703,25.02341,4000.0,645.1902,864.4719,125
4705,25.02341,4000.0,645.1902,864.4719,125
4707,25.02341,4000.0,645.1902,864.4719,125
4709,25.14097,4000.0,646.2504,847.8867,125
4711,25.14097,4000.0,646.2504,847.8867,125
4713,25.07985,4000.0,643.6274,854.2001,125
4715,25.07985,4000.0,643.6274,854.2001,125
4717,25.07985,4000.0,643.6274,854.2001,125
4719,25.03509,4000.0,646.8721,864.4298,125
4721,25.03509,4000.0,646.8721,864.4298,125
4723,24.90396,132.3508,634.9719,872.5706,125
4725,24.90396,132.3508,634.9719,872.5706,125
4727,24.90396,132.3508,634.9719,872.5706,125
4729,24.99957,4000.0,650.7165,874.1802,125
4731,24.99957,4000.0,650.7165,874.1802,125
4733,25.15219,4000.0,659.8077,859.8794,125
4735,25.15219,4000.0,659.8077,859.8794,125
4737,25.15219,4000.0,659.8077,859.8794,125
4739,25.12338,149.2428,649.5626,853.8086,125
4741,25.12338,149.2428,649.5626,853.8086,125
4743,25.16476,4000.0,662.7917,860.99,125
4745,25.16476,4000.0,662.7917,860.99,125
4747,25.16476,4000.0,662.7917,860.99,125
4749,25.04187,4000.0,654.4201,871.336,125
4751,25.04187,4000.0,654.4201,871.336,125
4753,24.99315,4000.0,639.4783,863.1166,125
4755,24.99315,4000.0,639.4783,863.1166,125
4757,24.99315,4000.0,639.4783,863.1166,125
4759,25.1025,4000.0,640.4074,847.5427,125
4761,25.1025,4000.0,640.4074,847.5427,125
4763,25.02518,4000.0,639.5238,858.1906,125
4765,25.02518,4000.0,639.5238,858.1906,125
4767,25.02518,4000.0,639.5238,858.1906,125
4769,24.99297,4000.0,644.3795,868.4177,125
4771,24.99297,4000.0,644.3795,868.4177,125
4773,25.1432,4000.0,659.6691,861.087,125
4775,25.1432,4000.0,659.6691,861.087,125
4777,25.1432,4000.0,659.6691,861.087,125
4779,25.30214,4000.0,668.0043,846.2321,125
4781,25.30214,4000.0,668.0043,846.2321,125
4783,25.22729,4000.0,664.6194,853.601,125
4785,25.22729,4000.0,664.6194,853.601,125
4787,25.22729,4000.0,664.6194,853.601,125
4789,25.16175,4000.0,662.7047,861.3529,125
4791,25.16175,4000.0,662.7047,861.3529,125
4793,25.31277,4000.0,678.226,854.3483,125
4795,25.31277,4000.0,678.226,854.3483,125
4797,25.31277,4000.0,678.226,854.3483,125
4799,25.4753,4000.0,685.019,838.2447,125
4801,25.4753,4000.0,685.019,838.2447,125
4803,25.49676,186.1343,676.8542,828.3217,125
4805,25.49676,186.1343,676.8542,828.3217,125
4807,25.49676,186.1343,676.8542,828.3217,125
4809,25.42685,4000.0,680.3256,840.5303,125
4811,25.42685,4000.0,680.3256,840.5303,125
4813,25.42685,4000.0,680.3256,840.5303,125
4815,25.40616,4000.0,688.1205,850.339,125
4817,25.40616,4000.0,688.1205,850.339,125
4819,25.27874,4000.0,678.1287,859.1486,125
4821,25.27874,4000.0,678.1287,859.1486,125
4823,25.27874,4000.0,678.1287,859.1486,125
4825,25.27569,4000.0,684.8443,865.9915,125
4827,25.27569,4000.0,684.8443,865.9915,125
4829,25.41117,4000.0,689.1273,850.5508,125
4831,25.41117,4000.0,689.1273,850.5508,125
4833,25.41117,4000.0,689.1273,850.5508,125
4835,25.33791,4000.0,680.9307,853.3073,125
4837,25.33791,4000.0,680.9307,853.3073,125
4839,25.34444,159.9984,691.0316,861.7214,125
4841,25.34444,159.9984,691.0316,861.7214,125
4843,25.34444,159.9984,691.0316,861.7214,125
4845,25.28737,4000.0,676.9565,856.787,125
4847,25.28737,4000.0,676.9565,856.787,125
4849,25.40962,4000.0,684.4686,846.5776,125
4851,25.40962,4000.0,684.4686,846.5776,125
4853,25.40962,4000.0,684.4686,846.5776,125
4855,25.26821,4000.0,674.0413,856.7778,125
4857,25.26821,4000.0,674.0413,856.7778,125
4859,25.20844,4000.0,674.8027,866.3337,125
4861,25.20844,4000.0,674.8027,866.3337,125
4863,25.20844,4000.0,674.8027,866.3337,125
4865,25.36083,4000.0,688.4562,857.0008,125
4867,25.36083,4000.0,688.4562,857.0008,125
4869,25.43627,4000.0,683.7051,842.2823,125
4871,25.43627,4000.0,683.7051,842.2823,125
4873,25.43627,4000.0,683.7051,842.2823,125
4875,25.40605,4000.0,688.7478,850.9191,125
4877,25.40605,4000.0,688.7478,850.9191,125
4879,25.40136,174.102,696.7436,858.7718,125
4881,25.40136,174.102,696.7436,858.7718,125
4883,25.40136,174.102,696.7436,858.7718,125
4885,25.28139,4000.0,680.1742,860.7081,125
4887,25.28139,4000.0,680.1742,860.7081,125
4889,25.30551,4000.0,669.8933,847.5433,125
4891,25.30551,4000.0,669.8933,847.5433,125
4893,25.30551,4000.0,669.8933,847.5433,125
4895,25.34885,4000.0,676.5469,847.7184,125
4897,25.34885,4000.0,676.5469,847.7184,125
4899,25.22182,186.9986,667.6081,857.3076,125
4901,25.22182,186.9986,667.6081,857.3076,125
4903,25.22182,186.9986,667.6081,857.3076,125
4905,25.313,195.2509,683.5993,859.3525,125
4907,25.313,195.2509,683.5993,859.3525,125
4909,25.18604,4000.0,672.9808,867.9272,125
4911,25.18604,4000.0,672.9808,867.9272,125
4913,25.18604,4000.0,672.9808,867.9272,125
4915,25.22657,4000.0,665.0046,854.0803,125
4917,25.22657,4000.0,665.0046,854.0803,125
4919,25.25122,150.4401,673.5167,858.7418,125
4921,25.25122,150.4401,673.5167,858.7418,125
4923,25.25122,150.4401,673.5167,858.7418,125
4925,25.11308,4000.0,657.808,863.7614,125
4927,25.11308,4000.0,657.808,863.7614,125
4929,25.03197,4000.0,652.115,870.4716,125
4931,25.03197,4000.0,652.115,870.4716,125
4933,25.03197,4000.0,652.115,870.4716,125
4935,25.17561,4000.0,666.9414,863.5021,125
4937,25.17561,4000.0,666.9414,863.5021,125
4939,25.30425,4000.0,668.7577,846.6492,125
4941,25.30425,4000.0,668.7577,846.6492,125
4943,25.30425,4000.0,668.7577,846.6492,125
4945,25.24644,4000.0,662.2325,848.5488,125
4947,25.24644,4000.0,662.2325,848.5488,125
4949,25.29163,166.0432,673.6303,853.0272,125
4951,25.29163,166.0432,673.6303,853.0272,125
4953,25.29163,166.0432,673.6303,853.0272,125
4955,25.15443,150.7423,662.9984,862.7484,125
4957,25.15443,150.7423,662.9984,862.7484,125
4959,25.26814,4000.0,678.652,861.1957,125
4961,25.26814,4000.0,678.652,861.1957,125
4963,25.26814,4000.0,678.652,861.1957,125
4965,25.22692,197.4077,686.1448,874.6128,125
4967,25.22692,197.4077,686.1448,874.6128,125
4969,25.30001,146.4119,687.215,864.6425,125
4971,25.30001,146.4119,687.215,864.6425,125
4973,25.30001,146.4119,687.215,864.6425,125
4975,25.17908,4000.0,667.2806,863.3177,125
4977,25.17908,4000.0,667.2806,863.3177,125
4979,25.29342,196.6373,675.8823,854.9026,125
4981,25.29342,196.6373,675.8823,854.9026,125
4983,25.29342,196.6373,675.8823,854.9026,125
4985,25.1513,4000.0,667.5446,867.7973,125
4987,25.1513,4000.0,667.5446,867.7973,125
4989,25.02813,4000.0,650.2329,869.084,125
4991,25.02813,4000.0,650.2329,869.084,125
4993,25.02813,4000.0,650.2329,869.084,125
4995,24.99926,4000.0,636.4144,858.8791,125
4997,24.99926,4000.0,636.4144,858.8791,125
4999,25.11209,4000.0,637.2629,842.9475,125
5001,25.11209,4000.0,637.2629,842.9475,125
5003,25.11209,4000.0,637.2629,842.9475,125
5005,25.03462,4000.0,634.9468,851.9286,125
5007,25.03462,4000.0,634.9468,851.9286,125
5009,25.03456,4000.0,644.1091,861.5927,125
5011,25.03456,4000.0,644.1091,861.5927,125
5013,25.03456,4000.0,644.1091,861.5927,125
5015,24.98308,4000.0,646.2238,872.0007,125
5017,24.98308,4000.0,646.2238,872.0007,125
5019,24.88764,4000.0,629.5016,869.1296,125
5021,24.88764,4000.0,629.5016,869.1296,125
5023,24.88764,4000.0,629.5016,869.1296,125
5025,24.91067,4000.0,619.9087,854.7368,125
5027,24.91067,4000.0,619.9087,854.7368,125
5029,25.04012,4000.0,627.6505,843.4588,125
5031,25.04012,4000.0,627.6505,843.4588,125
5033,25.04012,4000.0,627.6505,843.4588,125
5035,24.9059,146.1185,617.1335,852.4164,125
5037,24.9059,146.1185,617.1335,852.4164,125
5039,24.91436,134.5906,628.3972,863.5449,125
5041,24.91436,134.5906,628.3972,863.5449,125
5043,24.91436,134.5906,628.3972,863.5449,125
5045,24.78349,4000.0,613.6204,868.3342,125
5047,24.78349,4000.0,613.6204,868.3342,125
5049,24.75952,4000.0,600.5498,857.0513,125
5051,24.75952,4000.0,600.5498,857.0513,125
5053,24.75952,4000.0,600.5498,857.0513,125
5055,24.83732,4000.0,596.5803,840.1194,125
5057,24.83732,4000.0,596.5803,840.1194,125
5059,24.83732,4000.0,596.5803,840.1194,125
5061,24.90647,4000.0,604.3283,838.2451,125
5063,24.90647,4000.0,604.3283,838.2451,125
5065,24.78923,177.5894,595.6906,846.6089,125
5067,24.78923,177.5894,595.6906,846.6089,125
5069,24.78923,177.5894,595.6906,846.6089,125
5071,24.69115,4000.0,590.0845,856.0816,125
5073,24.69115,4000.0,590.0845,856.0816,125
5075,24.63062,4000.0,575.4434,848.6287,125
5077,24.63062,4000.0,575.4434,848.6287,125
5079,24.63062,4000.0,575.4434,848.6287,125
5081,24.62191,4000.0,582.5696,858.8336,125
5083,24.62191,4000.0,582.5696,858.8336,125
5085,24.77387,4000.0,595.9521,849.3633,125
5087,24.77387,4000.0,595.9521,849.3633,125
5089,24.77387,4000.0,595.9521,849.3633,125
5091,24.74601,153.792,587.7644,844.3377,125
5093,24.74601,153.792,587.7644,844.3377,125
5095,24.66877,4000.0,586.8887,856.0293,125
5097,24.66877,4000.0,586.8887,856.0293,125
5099,24.66877,4000.0,586.8887,856.0293,125
5101,24.60903,4000.0,572.6565,848.887,125
5103,24.60903,4000.0,572.6565,848.887,125
5105,24.60215,4000.0,581.1219,860.5135,125
5107,24.60215,4000.0,581.1219,860.5135,125
5109,24.60215,4000.0,581.1219,860.5135,125
5111,24.7241,4000.0,598.3788,860.4155,125
5113,24.7241,4000.0,598.3788,860.4155,125
5115,24.88506,4000.0,610.2679,848.0497,125
5117,24.88506,4000.0,610.2679,848.0497,125
5119,24.88506,4000.0,610.2679,848.0497,125
5121,24.86615,156.7371,603.0399,842.924,125
5123,24.86615,156.7371,603.0399,842.924,125
5125,24.77059,4000.0,599.4346,853.9312,125
5127,24.77059,4000.0,599.4346,853.9312,125
5129,24.77059,4000.0,599.4346,853.9312,125
5131,24.65468,140.8924,586.4344,857.887,125
5133,24.65468,140.8924,586.4344,857.887,125
5135,24.72558,4000.0,601.1968,863.5185,125
5137,24.72558,4000.0,601.1968,863.5185,125
5139,24.72558,4000.0,601.1968,863.5185,125
5141,24.88535,4000.0,614.9501,853.2108,125
5143,24.88535,4000.0,614.9501,853.2108,125
5145,24.90797,164.0909,609.2238,843.3864,125
5147,24.90797,164.0909,609.2238,843.3864,125
5149,24.90797,164.0909,609.2238,843.3864,125
5151,24.89964,153.5347,618.3787,854.7751,125
5153,24.89964,153.5347,618.3787,854.7751,125
5155,24.75849,181.886,603.2347,860.3698,125
5157,24.75849,181.886,603.2347,860.3698,125
5159,24.75849,181.886,603.2347,860.3698,125
5161,24.78069,4000.0,613.9586,869.2072,125
5163,24.78069,4000.0,613.9586,869.2072,125
5165,24.93897,4000.0,627.1362,858.243,125
5167,24.93897,4000.0,627.1362,858.243,125
5169,24.93897,4000.0,627.1362,858.243,125
5171,25.00902,4000.0,623.4941,843.6567,125
5173,25.00902,4000.0,623.4941,843.6567,125
5175,24.97715,166.3521,629.1256,854.4692,125
5177,24.97715,166.3521,629.1256,854.4692,125
5179,24.97715,166.3521,629.1256,854.4692,125
5181,24.8395,197.4043,616.6234,862.4569,125
5183,24.8395,197.4043,616.6234,862.4569,125
5185,24.76694,4000.0,614.6569,872.3943,125
5187,24.76694,4000.0,614.6569,872.3943,125
5189,24.76694,4000.0,614.6569,872.3943,125
5191,24.906,4000.0,630.4557,867.1879,125
5193,24.906,4000.0,630.4557,867.1879,125
5195,25.02821,4000.0,633.0268,850.8693,125
5197,25.02821,4000.0,633.0268,850.8693,125
5199,25.02821,4000.0,633.0268,850.8693,125
5201,24.95776,4000.0,629.208,857.5615,125
5203,24.95776,4000.0,629.208,857.5615,125
5205,24.88803,4000.0,628.9962,868.4967,125
5207,24.88803,4000.0,628.9962,868.4967,125
5209,24.88803,4000.0,628.9962,868.4967,125
5211,24.76538,124.5353,615.8316,874.0547,125
5213,24.76538,124.5353,615.8316,874.0547,125
5215,24.8433,4000.0,630.2523,877.4411,125
5217,24.8433,4000.0,630.2523,877.4411,125
5219,24.8433,4000.0,630.2523,877.4411,125
5221,24.95972,4000.0,633.2737,861.6732,125
5223,24.95972,4000.0,633.2737,861.6732,125
5225,24.87131,178.0594,626.1688,868.0656,125
5227,24.87131,178.0594,626.1688,868.0656,125
5229,24.87131,178.0594,626.1688,868.0656,125
5231,24.98686,4000.0,642.5373,867.4074,125
5233,24.98686,4000.0,642.5373,867.4074,125
5235,25.15066,4000.0,653.5884,853.8557,125
5237,25.15066,4000.0,653.5884,853.8557,125
5239,25.15066,4000.0,653.5884,853.8557,125
5241,25.26963,160.0949,663.0507,846.0692,125
5243,25.26963,160.0949,663.0507,846.0692,125
5245,25.12169,142.3294,653.6911,858.2598,125
5247,25.12169,142.3294,653.6911,858.2598,125
5249,25.12169,142.3294,653.6911,858.2598,125
5251,25.219,4000.0,669.0614,859.1397,125
5253,25.219,4000.0,669.0614,859.1397,125
5255,25.23217,154.8868,676.9744,864.8969,125
5257,25.23217,154.8868,676.9744,864.8969,125
5259,25.23217,154.8868,676.9744,864.8969,125
5261,25.12076,179.4194,660.9954,865.8409,125
5263,25.12076,179.4194,660.9954,865.8409,125
5265,25.18723,4000.0,655.4469,850.3845,125
5267,25.18723,4000.0,655.4469,850.3845,125
5269,25.18723,4000.0,655.4469,850.3845,125
5271,25.17825,4000.0,660.3035,856.5078,125
5273,25.17825,4000.0,660.3035,856.5078,125
5275,25.05367,166.145,651.6439,866.5532,125
5277,25.05367,166.145,651.6439,866.5532,125
5279,25.05367,166.145,651.6439,866.5532,125
5281,25.16998,4000.0,667.8978,865.3066,125
5283,25.16998,4000.0,667.8978,865.3066,125
5285,25.33666,4000.0,680.0024,852.6221,125
5287,25.33666,4000.0,680.0024,852.6221,125
5289,25.33666,4000.0,680.0024,852.6221,125
5291,25.49156,4000.0,684.5185,835.6727,125
5293,25.49156,4000.0,684.5185,835.6727,125
5295,25.46092,4000.0,677.5529,833.5624,125
5297,25.46092,4000.0,677.5529,833.5624,125
5299,25.46092,4000.0,677.5529,833.5624,125
5301,25.36302,152.9446,675.9886,845.2508,125
5303,25.36302,152.9446,675.9886,845.2508,125
5305,25.40788,4000.0,690.4014,852.1525,125
5307,25.40788,4000.0,690.4014,852.1525,125
5309,25.40788,4000.0,690.4014,852.1525,125
5311,25.2922,4000.0,683.347,862.1376,125
5313,25.2922,4000.0,683.347,862.1376,125
5315,25.2922,4000.0,683.347,862.1376,125
5317,25.2548,4000.0,668.5084,853.403,125
5319,25.2548,4000.0,668.5084,853.403,125
5321,25.37224,4000.0,670.9283,839.3547,125
5323,25.37224,4000.0,670.9283,839.3547,125
5325,25.37224,4000.0,670.9283,839.3547,125
5327,25.25666,146.1505,668.0051,852.6525,125
5329,25.25666,146.1505,668.0051,852.6525,125
5331,25.3615,4000.0,685.7064,854.3831,125
5333,25.3615,4000.0,685.7064,854.3831,125
5335,25.3615,4000.0,685.7064,854.3831,125
5337,25.58451,112.4481,682.3259,821.9689,125
5339,25.58451,112.4481,682.3259,821.9689,125
5341,25.70693,4000.0,709.7013,829.105,125
5343,25.70693,4000.0,709.7013,829.105,125
5345,25.70693,4000.0,709.7013,829.105,125
5347,25.61396,156.9065,710.0085,841.227,125
5349,25.61396,156.9065,710.0085,841.227,125
