timestamp,temperature,distance,location_x,location_y,bpm
777,24.18059,0.2847863,603.2021,998.1011,60
779,24.18059,0.2847863,603.2021,998.1011,60
781,24.18059,0.2847863,603.2021,998.1011,60
783,24.18058,0.2851717,603.2015,998.1014,60
785,24.18058,0.2851717,603.2015,998.1014,60
787,24.18058,0.2851717,603.2015,998.1014,60
789,24.18058,0.2856109,603.2009,998.1016,60
791,24.18058,0.2856109,603.2009,998.1016,60
793,24.18058,0.2859765,603.2004,998.1018,60
795,24.18058,0.2859765,603.2004,998.1018,60
797,24.18058,0.2859765,603.2004,998.1018,60
799,24.18058,0.286333,603.2,998.102,60
801,24.18058,0.286333,603.2,998.102,60
803,24.18057,0.2866785,603.1996,998.1022,60
805,24.18057,0.2866785,603.1996,998.1022,60
807,24.18057,0.2866785,603.1996,998.1022,60
809,24.18057,0.2868942,603.1992,998.1024,60
811,24.18057,0.2868942,603.1992,998.1024,60
813,24.18057,0.2871638,603.1989,998.1025,60
815,24.18057,0.2871638,603.1989,998.1025,60
817,24.18057,0.2871638,603.1989,998.1025,60
819,24.18057,0.2874246,603.1986,998.1027,60
821,24.18057,0.2874246,603.1986,998.1027,60
823,24.18056,0.2876188,603.1984,998.1028,60
825,24.18056,0.2876188,603.1984,998.1028,60
827,24.18056,0.2876188,603.1984,998.1028,60
829,24.18056,0.2878067,603.1981,998.1029,60
831,24.18056,0.2878067,603.1981,998.1029,60
833,24.18056,0.2880501,603.1979,998.103,60
835,24.18056,0.2880501,603.1979,998.103,60
837,24.18056,0.2880501,603.1979,998.103,60
839,24.18056,0.2881654,603.1977,998.1031,60
841,24.18056,0.2881654,603.1977,998.1031,60
843,24.18056,0.2883378,603.1976,998.1031,60
845,24.18056,0.2883378,603.1976,998.1031,60
847,24.18056,0.2883378,603.1976,998.1031,60
849,24.18056,0.288444,603.1974,998.1033,60
851,24.18056,0.288444,603.1974,998.1033,60
853,24.18056,0.2886088,603.1973,998.1033,60
855,24.18056,0.2886088,603.1973,998.1033,60
857,24.18056,0.2886088,603.1973,998.1033,60
859,24.18056,0.2886455,603.1971,998.1035,60
861,24.18056,0.2886455,603.1971,998.1035,60
863,24.18056,0.2888017,603.197,998.1035,60
865,24.18056,0.2888017,603.197,998.1035,60
867,24.18056,0.2888017,603.197,998.1035,60
869,24.18055,0.2888964,603.1969,998.1035,60
871,24.18055,0.2888964,603.1969,998.1035,60
873,24.18056,0.2889848,603.1968,998.1036,60
875,24.18056,0.2889848,603.1968,998.1036,60
877,24.18056,0.2889848,603.1968,998.1036,60
879,24.18055,0.2890735,603.1967,998.1036,60
881,24.18055,0.2890735,603.1967,998.1036,60
883,24.18055,0.2890947,603.1966,998.1037,60
885,24.18055,0.2890947,603.1966,998.1037,60
887,24.18055,0.2890947,603.1966,998.1037,60
889,24.18055,0.2891805,603.1965,998.1037,60
891,24.18055,0.2891805,603.1965,998.1037,60
893,24.18055,0.2892595,603.1965,998.1037,60
895,24.18055,0.2892595,603.1965,998.1037,60
897,24.18055,0.2892595,603.1965,998.1037,60
899,24.18055,0.2893408,603.1964,998.1038,60
901,24.18055,0.2893408,603.1964,998.1038,60
903,24.18055,0.2893579,603.1964,998.1038,60
905,24.18055,0.2893579,603.1964,998.1038,60
907,24.18055,0.2893579,603.1964,998.1038,60
909,24.18055,0.2893698,603.1963,998.1038,60
911,24.18055,0.2893698,603.1963,998.1038,60
913,24.18055,0.2893815,603.1963,998.1039,60
915,24.18055,0.2893815,603.1963,998.1039,60
917,24.18055,0.2893815,603.1963,998.1039,60
919,24.18055,0.2894597,603.1962,998.1039,60
921,24.18055,0.2894597,603.1962,998.1039,60
923,24.18055,0.2895328,603.1962,998.1039,60
925,24.18055,0.2895328,603.1962,998.1039,60
927,24.18055,0.2895328,603.1962,998.1039,60
929,24.18055,0.2895408,603.1962,998.1039,60
931,24.18055,0.2895408,603.1962,998.1039,60
933,24.18055,0.289608,603.1961,998.1039,60
935,24.18055,0.289608,603.1961,998.1039,60
937,24.18055,0.289608,603.1961,998.1039,60
939,24.18055,0.2896116,603.1961,998.1039,60
941,24.18055,0.2896116,603.1961,998.1039,60
943,24.18055,0.2896231,603.1961,998.1039,60
945,24.18055,0.2896231,603.1961,998.1039,60
947,24.18055,0.2896231,603.1961,998.1039,60
949,24.18055,0.2896337,603.196,998.1039,60
951,24.18055,0.2896337,603.196,998.1039,60
953,24.18055,0.2896408,603.196,998.104,60
955,24.18055,0.2896408,603.196,998.104,60
957,24.18055,0.2896408,603.196,998.104,60
959,24.18055,0.289646,603.196,998.104,60
961,24.18055,0.289646,603.196,998.104,60
963,24.18055,0.2896496,603.196,998.104,60
965,24.18055,0.2896496,603.196,998.104,60
967,24.18055,0.2896496,603.196,998.104,60
969,24.18055,0.2897142,603.196,998.104,60
971,24.18055,0.2897142,603.196,998.104,60
973,24.18055,0.2897159,603.196,998.104,60
975,24.18055,0.2897159,603.196,998.104,60
977,24.18055,0.2897159,603.196,998.104,60
979,24.18055,0.2897169,603.196,998.104,60
981,24.18055,0.2897169,603.196,998.104,60
983,24.18055,0.2897177,603.196,998.104,60
985,24.18055,0.2897177,603.196,998.104,60
987,24.18055,0.2897177,603.196,998.104,60
989,24.18055,0.2897182,603.196,998.104,60
991,24.18055,0.2897182,603.196,998.104,60
993,24.18055,0.2897186,603.196,998.104,60
995,24.18055,0.2897186,603.196,998.104,60
997,24.18055,0.2897186,603.196,998.104,60
999,24.18055,0.2897187,603.196,998.104,60
1001,24.18055,0.2897187,603.196,998.104,60
1003,24.18055,0.289719,603.196,998.104,60
1005,24.18055,0.289719,603.196,998.104,60
1007,24.18055,0.289719,603.196,998.104,60
1009,24.18055,0.289719,603.196,998.104,60
1011,24.18055,0.289719,603.196,998.104,60
1013,24.18055,0.2897191,603.196,998.104,60
1015,24.18055,0.2897191,603.196,998.104,60
1017,24.18055,0.2897191,603.196,998.104,60
1019,24.18055,0.289719,603.196,998.104,60
1021,24.18055,0.289719,603.196,998.104,60
1023,24.18055,0.2897192,603.196,998.104,60
1025,24.18055,0.2897192,603.196,998.104,60
1027,24.18055,0.2897192,603.196,998.104,60
1029,24.18055,0.2897191,603.196,998.104,60
1031,24.18055,0.2897191,603.196,998.104,60
1033,24.18055,0.2897192,603.196,998.104,60
1035,24.18055,0.2897192,603.196,998.104,60
1037,24.18055,0.2897192,603.196,998.104,60
1039,24.18055,0.2897191,603.196,998.104,60
1041,24.18055,0.2897191,603.196,998.104,60
1043,24.18055,0.2897191,603.196,998.104,60
1045,24.18055,0.2897192,603.196,998.104,60
1047,24.18055,0.2897192,603.196,998.104,60
1049,24.18055,0.2897192,603.196,998.104,60
1051,24.18055,0.2897192,603.196,998.104,60
1053,24.18055,0.2897192,603.196,998.104,60
1055,24.18055,0.2897192,603.196,998.104,60
1057,24.18055,0.2897192,603.196,998.104,60
1059,24.18055,0.2897191,603.196,998.104,60
1061,24.18055,0.2897191,603.196,998.104,60
1063,24.18055,0.2897191,603.196,998.104,60
1065,24.18055,0.2897192,603.196,998.104,60
1067,24.18055,0.2897192,603.196,998.104,60
1069,24.18055,0.289719,603.196,998.104,60
1071,24.18055,0.289719,603.196,998.104,60
1073,24.18055,0.289719,603.196,998.104,60
1075,24.18055,0.2897191,603.196,998.104,60
1077,24.18055,0.2897191,603.196,998.104,60
1079,24.18055,0.2897192,603.196,998.104,60
1081,24.18055,0.2897192,603.196,998.104,60
1083,24.18055,0.2897192,603.196,998.104,60
1085,24.18055,0.2897193,603.196,998.104,60
1087,24.18055,0.2897193,603.196,998.104,60
1089,24.18055,0.2897193,603.196,998.104,60
1091,24.18055,0.2897193,603.196,998.104,60
1093,24.18055,0.2897193,603.196,998.104,60
1095,24.18055,0.2897194,603.196,998.104,60
1097,24.18055,0.2897194,603.196,998.104,60
1099,24.18055,0.2897194,603.196,998.104,60
1101,24.18055,0.2897194,603.196,998.104,60
1103,24.18055,0.2897194,603.196,998.104,60
1105,24.18055,0.2897194,603.196,998.104,60
1107,24.18055,0.2897194,603.196,998.104,60
1109,24.18055,0.2897193,603.196,998.104,60
1111,24.18055,0.2897193,603.196,998.104,60
1113,24.18055,0.2897193,603.196,998.104,60
1115,24.18055,0.2897193,603.196,998.104,60
1117,24.18055,0.2897193,603.196,998.104,60
1119,24.18055,0.2897191,603.196,998.104,60
1121,24.18055,0.2897191,603.196,998.104,60
1123,24.18055,0.2897191,603.196,998.104,60
1125,24.18055,0.2897193,603.196,998.104,60
1127,24.18055,0.2897193,603.196,998.104,60
1129,24.18055,0.2897192,603.196,998.104,60
1131,24.18055,0.2897192,603.196,998.104,60
1133,24.18055,0.2897192,603.196,998.104,60
1135,24.18055,0.289719,603.196,998.104,60
1137,24.18055,0.289719,603.196,998.104,60
1139,24.18055,0.2897191,603.196,998.104,60
1141,24.18055,0.2897191,603.196,998.104,60
1143,24.18055,0.2897191,603.196,998.104,60
1145,24.18055,0.2897191,603.196,998.104,60
1147,24.18055,0.2897191,603.196,998.104,60
1149,24.18055,0.289719,603.196,998.104,60
1151,24.18055,0.289719,603.196,998.104,60
1153,24.18055,0.289719,603.196,998.104,60
1155,24.18055,0.2897192,603.196,998.104,60
1157,24.18055,0.2897192,603.196,998.104,60
1159,24.18055,0.2897192,603.196,998.104,60
1161,24.18055,0.2897192,603.196,998.104,60
1163,24.18055,0.2897192,603.196,998.104,60
1165,24.18055,0.2897193,603.196,998.104,60
1167,24.18055,0.2897193,603.196,998.104,60
1169,24.18055,0.2897194,603.196,998.104,60
1171,24.18055,0.2897194,603.196,998.104,60
1173,24.18055,0.2897194,603.196,998.104,60
1175,24.18055,0.2897192,603.196,998.104,60
1177,24.18055,0.2897192,603.196,998.104,60
1179,24.18055,0.2897193,603.196,998.104,60
1181,24.18055,0.2897193,603.196,998.104,60
1183,24.18055,0.2897193,603.196,998.104,60
1185,24.18055,0.2897191,603.196,998.104,60
1187,24.18055,0.2897191,603.196,998.104,60
1189,24.18055,0.2897193,603.196,998.104,60
1191,24.18055,0.2897193,603.196,998.104,60
1193,24.18055,0.2897193,603.196,998.104,60
1195,24.18055,0.2897193,603.196,998.104,60
1197,24.18055,0.2897193,603.196,998.104,60
1199,24.18055,0.289719,603.196,998.104,60
1201,24.18055,0.289719,603.196,998.104,60
1203,24.18055,0.289719,603.196,998.104,60
1205,24.18055,0.2897189,603.196,998.104,60
1207,24.18055,0.2897189,603.196,998.104,60
1209,24.18055,0.289719,603.196,998.104,60
1211,24.18055,0.289719,603.196,998.104,60
1213,24.18055,0.289719,603.196,998.104,60
1215,24.18055,0.2897191,603.196,998.104,60
1217,24.18055,0.2897191,603.196,998.104,60
1219,24.18055,0.289719,603.196,998.104,60
1221,24.18055,0.289719,603.196,998.104,60
1223,24.18055,0.289719,603.196,998.104,60
1225,24.18055,0.289719,603.196,998.104,60
1227,24.18055,0.289719,603.196,998.104,60
1229,24.18055,0.2897191,603.196,998.104,60
1231,24.18055,0.2897191,603.196,998.104,60
1233,24.18055,0.2897191,603.196,998.104,60
1235,24.18055,0.2897191,603.196,998.104,60
1237,24.18055,0.2897191,603.196,998.104,60
1239,24.18055,0.289719,603.196,998.104,60
1241,24.18055,0.289719,603.196,998.104,60
1243,24.18055,0.289719,603.196,998.104,60
1245,24.18055,0.2897189,603.196,998.104,60
1247,24.18055,0.2897189,603.196,998.104,60
1249,24.18055,0.289719,603.196,998.104,60
1251,24.18055,0.289719,603.196,998.104,60
1253,24.18055,0.289719,603.196,998.104,60
1255,24.18055,0.2897192,603.196,998.104,60
1257,24.18055,0.2897192,603.196,998.104,60
1259,24.18055,0.2897193,603.196,998.104,60
1261,24.18055,0.2897193,603.196,998.104,60
1263,24.18055,0.2897193,603.196,998.104,60
1265,24.18055,0.2897194,603.196,998.104,60
1267,24.18055,0.2897194,603.196,998.104,60
1269,24.18055,0.2897192,603.196,998.104,60
1271,24.18055,0.2897192,603.196,998.104,60
1273,24.18055,0.2897192,603.196,998.104,60
1275,24.18055,0.2897195,603.196,998.104,60
1277,24.18055,0.2897195,603.196,998.104,60
1279,24.18055,0.2897195,603.196,998.104,60
1281,24.18055,0.2897195,603.196,998.104,60
1283,24.18055,0.2897195,603.196,998.104,60
1285,24.18055,0.2897195,603.196,998.104,60
1287,24.18055,0.2897195,603.196,998.104,60
1289,24.18055,0.2897195,603.196,998.104,60
1291,24.18055,0.2897195,603.196,998.104,60
1293,24.18055,0.2897195,603.196,998.104,60
1295,24.18055,0.2897194,603.196,998.104,60
1297,24.18055,0.2897194,603.196,998.104,60
1299,24.18055,0.2897194,603.196,998.104,60
1301,24.18055,0.2897195,603.196,998.104,60
1303,24.18055,0.2897195,603.196,998.104,60
1305,24.18055,0.2897193,603.196,998.104,60
1307,24.18055,0.2897193,603.196,998.104,60
1309,24.18055,0.2897193,603.196,998.104,60
1311,24.18055,0.2897196,603.196,998.104,60
1313,24.18055,0.2897196,603.196,998.104,60
1315,24.18055,0.2897196,603.196,998.104,60
1317,24.18055,0.2897196,603.196,998.104,60
1319,24.18055,0.2897196,603.196,998.104,60
1321,24.18055,0.2897194,603.196,998.104,60
1323,24.18055,0.2897194,603.196,998.104,60
1325,24.18055,0.2897192,603.196,998.104,60
1327,24.18055,0.2897192,603.196,998.104,60
1329,24.18055,0.2897192,603.196,998.104,60
1331,24.18055,0.2897191,603.196,998.104,60
1333,24.18055,0.2897191,603.196,998.104,60
1335,24.18055,0.2897191,603.196,998.104,60
1337,24.18055,0.2897191,603.196,998.104,60
1339,24.18055,0.2897191,603.196,998.104,60
1341,24.18055,0.2897193,603.196,998.104,60
1343,24.18055,0.2897193,603.196,998.104,60
1345,24.18055,0.2897194,603.196,998.104,60
1347,24.18055,0.2897194,603.196,998.104,60
1349,24.18055,0.2897194,603.196,998.104,60
1351,24.18055,0.2897193,603.196,998.104,60
1353,24.18055,0.2897193,603.196,998.104,60
1355,24.18055,0.2897193,603.196,998.104,60
1357,24.18055,0.2897193,603.196,998.104,60
1359,24.18055,0.2897193,603.196,998.104,60
1361,24.18055,0.2897192,603.196,998.104,60
1363,24.18055,0.2897192,603.196,998.104,60
1365,24.18055,0.2897192,603.196,998.104,60
1367,24.18055,0.2897192,603.196,998.104,60
1369,24.18055,0.2897192,603.196,998.104,60
1371,24.18055,0.2897193,603.196,998.104,60
1373,24.18055,0.2897193,603.196,998.104,60
1375,24.18055,0.2897196,603.196,998.104,60
1377,24.18055,0.2897196,603.196,998.104,60
1379,24.18055,0.2897196,603.196,998.104,60
1381,24.18055,0.2897194,603.196,998.104,60
1383,24.18055,0.2897194,603.196,998.104,60
1385,24.18055,0.2897193,603.196,998.104,60
1387,24.18055,0.2897193,603.196,998.104,60
1389,24.18055,0.2897193,603.196,998.104,60
1391,24.18055,0.2897191,603.196,998.104,60
1393,24.18055,0.2897191,603.196,998.104,60
1395,24.18055,0.2897192,603.196,998.104,60
1397,24.18055,0.2897192,603.196,998.104,60
1399,24.18055,0.2897192,603.196,998.104,60
1401,24.18055,0.2897193,603.196,998.104,60
1403,24.18055,0.2897193,603.196,998.104,60
1405,24.18055,0.2897191,603.196,998.104,60
1407,24.18055,0.2897191,603.196,998.104,60
1409,24.18055,0.2897191,603.196,998.104,60
1411,24.18055,0.2897192,603.196,998.104,60
1413,24.18055,0.2897192,603.196,998.104,60
1415,24.18055,0.2897189,603.196,998.104,60
1417,24.18055,0.2897189,603.196,998.104,60
1419,24.18055,0.2897189,603.196,998.104,60
1421,24.18055,0.289719,603.196,998.104,60
1423,24.18055,0.289719,603.196,998.104,60
1425,24.18055,0.289719,603.196,998.104,60
1427,24.18055,0.289719,603.196,998.104,60
1429,24.18055,0.289719,603.196,998.104,60
1431,24.18055,0.2897191,603.196,998.104,60
1433,24.18055,0.2897191,603.196,998.104,60
1435,24.18055,0.2897191,603.196,998.104,60
1437,24.18055,0.2897191,603.196,998.104,60
1439,24.18055,0.2897191,603.196,998.104,60
1441,24.18055,0.289719,603.196,998.104,60
1443,24.18055,0.289719,603.196,998.104,60
1445,24.18055,0.2897191,603.196,998.104,60
1447,24.18055,0.2897191,603.196,998.104,60
1449,24.18055,0.2897191,603.196,998.104,60
1451,24.18055,0.2897193,603.196,998.104,60
1453,24.18055,0.2897193,603.196,998.104,60
1455,24.18055,0.2897193,603.196,998.104,60
1457,24.18055,0.2897193,603.196,998.104,60
1459,24.18055,0.2897193,603.196,998.104,60
1461,24.18055,0.2897193,603.196,998.104,60
1463,24.18055,0.2897193,603.196,998.104,60
1465,24.18055,0.2897192,603.196,998.104,60
1467,24.18055,0.2897192,603.196,998.104,60
1469,24.18055,0.2897192,603.196,998.104,60
1471,24.18055,0.289719,603.196,998.104,60
1473,24.18055,0.289719,603.196,998.104,60
1475,24.18055,0.2897192,603.196,998.104,60
1477,24.18055,0.2897192,603.196,998.104,60
1479,24.18055,0.2897192,603.196,998.104,60
1481,24.18055,0.2897194,603.196,998.104,60
1483,24.18055,0.2897194,603.196,998.104,60
1485,24.18055,0.2897194,603.196,998.104,60
1487,24.18055,0.2897194,603.196,998.104,60
1489,24.18055,0.2897194,603.196,998.104,60
1491,24.18055,0.2897191,603.196,998.104,60
1493,24.18055,0.2897191,603.196,998.104,60
1495,24.18055,0.2897191,603.196,998.104,60
1497,24.18055,0.2897191,603.196,998.104,60
1499,24.18055,0.2897191,603.196,998.104,60
1501,24.18055,0.289719,603.196,998.104,60
1503,24.18055,0.289719,603.196,998.104,60
1505,24.18055,0.2897191,603.196,998.104,60
1507,24.18055,0.2897191,603.196,998.104,60
1509,24.18055,0.2897191,603.196,998.104,60
1511,24.18055,0.2897193,603.196,998.104,60
1513,24.18055,0.2897193,603.196,998.104,60
1515,24.18055,0.2897195,603.196,998.104,60
1517,24.18055,0.2897195,603.196,998.104,60
1519,24.18055,0.2897195,603.196,998.104,60
1521,24.18055,0.2897194,603.196,998.104,60
1523,24.18055,0.2897194,603.196,998.104,60
1525,24.18055,0.2897193,603.196,998.104,60
1527,24.18055,0.2897193,603.196,998.104,60
1529,24.18055,0.2897193,603.196,998.104,60
1531,24.18055,0.2897193,603.196,998.104,60
1533,24.18055,0.2897193,603.196,998.104,60
1535,24.18055,0.2897193,603.196,998.104,60
1537,24.18055,0.2897193,603.196,998.104,60
1539,24.18055,0.2897193,603.196,998.104,60
1541,24.18055,0.2897193,603.196,998.104,60
1543,24.18055,0.2897193,603.196,998.104,60
1545,24.18055,0.2897193,603.196,998.104,60
1547,24.18055,0.2897193,603.196,998.104,60
1549,24.18055,0.2897193,603.196,998.104,60
1551,24.18055,0.2897194,603.196,998.104,60
1553,24.18055,0.2897194,603.196,998.104,60
1555,24.18055,0.2897194,603.196,998.104,60
1557,24.18055,0.2897193,603.196,998.104,60
1559,24.18055,0.2897193,603.196,998.104,60
1561,24.18055,0.2897193,603.196,998.104,60
1563,24.18055,0.2897193,603.196,998.104,60
1565,24.18055,0.2897193,603.196,998.104,60
1567,24.18055,0.2897194,603.196,998.104,60
1569,24.18055,0.2897194,603.196,998.104,60
1571,24.18055,0.2897193,603.196,998.104,60
1573,24.18055,0.2897193,603.196,998.104,60
1575,24.18055,0.2897193,603.196,998.104,60
1577,24.18055,0.2897194,603.196,998.104,60
1579,24.18055,0.2897194,603.196,998.104,60
1581,24.18055,0.2897194,603.196,998.104,60
1583,24.18055,0.2897194,603.196,998.104,60
1585,24.18055,0.2897194,603.196,998.104,60
1587,24.18055,0.2897196,603.196,998.104,60
1589,24.18055,0.2897196,603.196,998.104,60
1591,24.18055,0.2897193,603.196,998.104,60
1593,24.18055,0.2897193,603.196,998.104,60
1595,24.18055,0.2897193,603.196,998.104,60
1597,24.18055,0.2897195,603.196,998.104,60
1599,24.18055,0.2897195,603.196,998.104,60
1601,24.18055,0.2897193,603.196,998.104,60
1603,24.18055,0.2897193,603.196,998.104,60
1605,24.18055,0.2897193,603.196,998.104,60
1607,24.18055,0.2897192,603.196,998.104,60
1609,24.18055,0.2897192,603.196,998.104,60
1611,24.18055,0.2897195,603.196,998.104,60
1613,24.18055,0.2897195,603.196,998.104,60
1615,24.18055,0.2897195,603.196,998.104,60
1617,24.18055,0.2897194,603.196,998.104,60
1619,24.18055,0.2897194,603.196,998.104,60
1621,24.18055,0.2897191,603.196,998.104,60
1623,24.18055,0.2897191,603.196,998.104,60
1625,24.18055,0.2897191,603.196,998.104,60
1627,24.18055,0.2897191,603.196,998.104,60
1629,24.18055,0.2897191,603.196,998.104,60
1631,24.18055,0.2897192,603.196,998.104,60
1633,24.18055,0.2897192,603.196,998.104,60
1635,24.18055,0.2897192,603.196,998.104,60
1637,24.18055,0.2897191,603.196,998.104,60
1639,24.18055,0.2897191,603.196,998.104,60
1641,24.18055,0.2897191,603.196,998.104,60
1643,24.18055,0.2897191,603.196,998.104,60
1645,24.18055,0.2897191,603.196,998.104,60
1647,24.18055,0.2897192,603.196,998.104,60
1649,24.18055,0.2897192,603.196,998.104,60
1651,24.18055,0.2897193,603.196,998.104,60
1653,24.18055,0.2897193,603.196,998.104,60
1655,24.18055,0.2897193,603.196,998.104,60
1657,24.18055,0.2897193,603.196,998.104,60
1659,24.18055,0.2897193,603.196,998.104,60
1661,24.18055,0.2897195,603.196,998.104,60
1663,24.18055,0.2897195,603.196,998.104,60
1665,24.18055,0.2897195,603.196,998.104,60
1667,24.18055,0.2897194,603.196,998.104,60
1669,24.18055,0.2897194,603.196,998.104,60
1671,24.18055,0.2897195,603.196,998.104,60
1673,24.18055,0.2897195,603.196,998.104,60
1675,24.18055,0.2897195,603.196,998.104,60
1677,24.18055,0.2897195,603.196,998.104,60
1679,24.18055,0.2897195,603.196,998.104,60
1681,24.18055,0.2897195,603.196,998.104,60
1683,24.18055,0.2897195,603.196,998.104,60
1685,24.18055,0.2897195,603.196,998.104,60
1687,24.18055,0.2897195,603.196,998.104,60
1689,24.18055,0.2897195,603.196,998.104,60
1691,24.18055,0.2897194,603.196,998.104,60
1693,24.18055,0.2897194,603.196,998.104,60
1695,24.18055,0.2897194,603.196,998.104,60
1697,24.18055,0.2897194,603.196,998.104,60
1699,24.18055,0.2897194,603.196,998.104,60
1701,24.18055,0.2897192,603.196,998.104,60
1703,24.18055,0.2897192,603.196,998.104,60
1705,24.18055,0.2897192,603.196,998.104,60
1707,24.18055,0.2897193,603.196,998.104,60
1709,24.18055,0.2897193,603.196,998.104,60
1711,24.18055,0.2897192,603.196,998.104,60
1713,24.18055,0.2897192,603.196,998.104,60
1715,24.18055,0.2897192,603.196,998.104,60
1717,24.18055,0.289719,603.196,998.104,60
1719,24.18055,0.289719,603.196,998.104,60
1721,24.18055,0.289719,603.196,998.104,60
1723,24.18055,0.289719,603.196,998.104,60
1725,24.18055,0.289719,603.196,998.104,60
1727,24.18055,0.2897191,603.196,998.104,60
1729,24.18055,0.2897191,603.196,998.104,60
1731,24.18055,0.2897191,603.196,998.104,60
1733,24.18055,0.2897191,603.196,998.104,60
1735,24.18055,0.2897191,603.196,998.104,60
1737,24.18055,0.2897191,603.196,998.104,60
1739,24.18055,0.2897191,603.196,998.104,60
1741,24.18055,0.2897191,603.196,998.104,60
1743,24.18055,0.2897191,603.196,998.104,60
1745,24.18055,0.2897191,603.196,998.104,60
1747,24.18055,0.2897191,603.196,998.104,60
1749,24.18055,0.2897191,603.196,998.104,60
1751,24.18055,0.289719,603.196,998.104,60
1753,24.18055,0.289719,603.196,998.104,60
1755,24.18055,0.289719,603.196,998.104,60
1757,24.18055,0.2897191,603.196,998.104,60
1759,24.18055,0.2897191,603.196,998.104,60
1761,24.18055,0.289719,603.196,998.104,60
1763,24.18055,0.289719,603.196,998.104,60
1765,24.18055,0.289719,603.196,998.104,60
1767,24.18055,0.2897193,603.196,998.104,60
1769,24.18055,0.2897193,603.196,998.104,60
1771,24.18055,0.2897191,603.196,998.104,60
1773,24.18055,0.2897191,603.196,998.104,60
1775,24.18055,0.2897191,603.196,998.104,60
1777,24.18055,0.2897193,603.196,998.104,60
1779,24.18055,0.2897193,603.196,998.104,60
1781,24.18055,0.2897191,603.196,998.104,60
1783,24.18055,0.2897191,603.196,998.104,60
1785,24.18055,0.2897191,603.196,998.104,60
1787,24.18055,0.2897192,603.196,998.104,60
1789,24.18055,0.2897192,603.196,998.104,60
1791,24.18055,0.2897192,603.196,998.104,60
1793,24.18055,0.2897193,603.196,998.104,60
1795,24.18055,0.2897193,603.196,998.104,60
1797,24.18055,0.2897193,603.196,998.104,60
1799,24.18055,0.2897193,603.196,998.104,60
1801,24.18055,0.2897193,603.196,998.104,60
1803,24.18055,0.2897192,603.196,998.104,60
1805,24.18055,0.2897192,603.196,998.104,60
1807,24.18055,0.2897193,603.196,998.104,60
1809,24.18055,0.2897193,603.196,998.104,60
1811,24.18055,0.2897193,603.196,998.104,60
1813,24.18055,0.2897194,603.196,998.104,60
1815,24.18055,0.2897194,603.196,998.104,60
1817,24.18055,0.2897193,603.196,998.104,60
1819,24.18055,0.2897193,603.196,998.104,60
1821,24.18055,0.2897193,603.196,998.104,60
1823,24.18055,0.2897192,603.196,998.104,60
1825,24.18055,0.2897192,603.196,998.104,60
1827,24.18055,0.2897192,603.196,998.104,60
1829,24.18055,0.2897192,603.196,998.104,60
1831,24.18055,0.2897192,603.196,998.104,60
1833,24.18055,0.2897192,603.196,998.104,60
1835,24.18055,0.2897192,603.196,998.104,60
1837,24.18055,0.2897196,603.196,998.104,60
1839,24.18055,0.2897196,603.196,998.104,60
1841,24.18055,0.2897196,603.196,998.104,60
1843,24.18055,0.2897198,603.196,998.104,60
1845,24.18055,0.2897198,603.196,998.104,60
1847,24.18055,0.2897196,603.196,998.104,60
1849,24.18055,0.2897196,603.196,998.104,60
1851,24.18055,0.2897196,603.196,998.104,60
1853,24.18055,0.2897196,603.196,998.104,60
1855,24.18055,0.2897196,603.196,998.104,60
1857,24.18055,0.2897196,603.196,998.104,60
1859,24.18055,0.2897196,603.196,998.104,60
1861,24.18055,0.2897196,603.196,998.104,60
1863,24.18055,0.2897193,603.196,998.104,60
1865,24.18055,0.2897193,603.196,998.104,60
1867,24.18055,0.2897194,603.196,998.104,60
1869,24.18055,0.2897194,603.196,998.104,60
1871,24.18055,0.2897194,603.196,998.104,60
1873,24.18055,0.2897193,603.196,998.104,60
1875,24.18055,0.2897193,603.196,998.104,60
1877,24.18055,0.2897193,603.196,998.104,60
1879,24.18055,0.2897193,603.196,998.104,60
1881,24.18055,0.2897193,603.196,998.104,60
1883,24.18055,0.2897192,603.196,998.104,60
1885,24.18055,0.2897192,603.196,998.104,60
1887,24.18055,0.2897193,603.196,998.104,60
1889,24.18055,0.2897193,603.196,998.104,60
1891,24.18055,0.2897193,603.196,998.104,60
1893,24.18055,0.2897193,603.196,998.104,60
1895,24.18055,0.2897193,603.196,998.104,60
1897,24.18055,0.2897193,603.196,998.104,60
1899,24.18055,0.2897193,603.196,998.104,60
1901,24.18055,0.2897193,603.196,998.104,60
1903,24.18055,0.2897192,603.196,998.104,60
1905,24.18055,0.2897192,603.196,998.104,60
1907,24.18055,0.289719,603.196,998.104,60
1909,24.18055,0.289719,603.196,998.104,60
1911,24.18055,0.289719,603.196,998.104,60
1913,24.18055,0.289719,603.196,998.104,60
1915,24.18055,0.289719,603.196,998.104,60
1917,24.18055,0.2897191,603.196,998.104,60
1919,24.18055,0.2897191,603.196,998.104,60
1921,24.18055,0.2897191,603.196,998.104,60
1923,24.18055,0.2897188,603.196,998.104,60
1925,24.18055,0.2897188,603.196,998.104,60
1927,24.18055,0.2897191,603.196,998.104,60
1929,24.18055,0.2897191,603.196,998.104,60
1931,24.18055,0.2897191,603.196,998.104,60
1933,24.18055,0.289719,603.196,998.104,60
1935,24.18055,0.289719,603.196,998.104,60
1937,24.18055,0.2897192,603.196,998.104,60
1939,24.18055,0.2897192,603.196,998.104,60
1941,24.18055,0.2897192,603.196,998.104,60
1943,24.18055,0.2897193,603.196,998.104,60
1945,24.18055,0.2897193,603.196,998.104,60
1947,24.18055,0.2897192,603.196,998.104,60
1949,24.18055,0.2897192,603.196,998.104,60
1951,24.18055,0.2897192,603.196,998.104,60
1953,24.18055,0.289719,603.196,998.104,60
1955,24.18055,0.289719,603.196,998.104,60
1957,24.18055,0.2897191,603.196,998.104,60
1959,24.18055,0.2897191,603.196,998.104,60
1961,24.18055,0.2897191,603.196,998.104,60
1963,24.18055,0.2897191,603.196,998.104,60
1965,24.18055,0.2897191,603.196,998.104,60
1967,24.18055,0.2897192,603.196,998.104,60
1969,24.18055,0.2897192,603.196,998.104,60
1971,24.18055,0.2897192,603.196,998.104,60
1973,24.18055,0.2897193,603.196,998.104,60
1975,24.18055,0.2897193,603.196,998.104,60
1977,24.18055,0.2897194,603.196,998.104,60
1979,24.18055,0.2897194,603.196,998.104,60
1981,24.18055,0.2897194,603.196,998.104,60
1983,24.18055,0.2897192,603.196,998.104,60
1985,24.18055,0.2897192,603.196,998.104,60
1987,24.18055,0.2897193,603.196,998.104,60
1989,24.18055,0.2897193,603.196,998.104,60
1991,24.18055,0.2897193,603.196,998.104,60
1993,24.18055,0.2897189,603.196,998.104,60
1995,24.18055,0.2897189,603.196,998.104,60
1997,24.18055,0.2897191,603.196,998.104,60
1999,24.18055,0.2897191,603.196,998.104,60
2001,24.18055,0.2897191,603.196,998.104,60
2003,24.18055,0.2897191,603.196,998.104,60
2005,24.18055,0.2897191,603.196,998.104,60
2007,24.18055,0.2897193,603.196,998.104,60
2009,24.18055,0.2897193,603.196,998.104,60
2011,24.18055,0.2897193,603.196,998.104,60
2013,24.18055,0.2897195,603.196,998.104,60
2015,24.18055,0.2897195,603.196,998.104,60
2017,24.18055,0.2897194,603.196,998.104,60
2019,24.18055,0.2897194,603.196,998.104,60
2021,24.18055,0.2897194,603.196,998.104,60
2023,24.18055,0.2897192,603.196,998.104,60
2025,24.18055,0.2897192,603.196,998.104,60
2027,24.18055,0.2897194,603.196,998.104,60
2029,24.18055,0.2897194,603.196,998.104,60
2031,24.18055,0.2897194,603.196,998.104,60
2033,24.18055,0.2897193,603.196,998.104,60
2035,24.18055,0.2897193,603.196,998.104,60
2037,24.18055,0.2897195,603.196,998.104,60
2039,24.18055,0.2897195,603.196,998.104,60
2041,24.18055,0.2897195,603.196,998.104,60
2043,24.18055,0.2897194,603.196,998.104,60
2045,24.18055,0.2897194,603.196,998.104,60
2047,24.18055,0.2897194,603.196,998.104,60
2049,24.18055,0.2897193,603.196,998.104,60
2051,24.18055,0.2897193,603.196,998.104,60
2053,24.18055,0.2897194,603.196,998.104,60
2055,24.18055,0.2897194,603.196,998.104,60
2057,24.18055,0.2897194,603.196,998.104,60
2059,24.18055,0.2897193,603.196,998.104,60
2061,24.18055,0.2897193,603.196,998.104,60
2063,24.18055,0.2897193,603.196,998.104,60
2065,24.18055,0.2897193,603.196,998.104,60
2067,24.18055,0.2897193,603.196,998.104,60
2069,24.18055,0.2897191,603.196,998.104,60
2071,24.18055,0.2897191,603.196,998.104,60
2073,24.18055,0.289719,603.196,998.104,60
2075,24.18055,0.289719,603.196,998.104,60
2077,24.18055,0.289719,603.196,998.104,60
2079,24.18055,0.2897192,603.196,998.104,60
2081,24.18055,0.2897192,603.196,998.104,60
2083,24.18055,0.2897191,603.196,998.104,60
2085,24.18055,0.2897191,603.196,998.104,60
2087,24.18055,0.2897191,603.196,998.104,60
2089,24.18055,0.2897191,603.196,998.104,60
2091,24.18055,0.2897191,603.196,998.104,60
2093,24.18055,0.2897193,603.196,998.104,60
2095,24.18055,0.2897193,603.196,998.104,60
2097,24.18055,0.2897193,603.196,998.104,60
2099,24.18055,0.2897194,603.196,998.104,60
2101,24.18055,0.2897194,603.196,998.104,60
2103,24.18055,0.2897194,603.196,998.104,60
2105,24.18055,0.2897194,603.196,998.104,60
2107,24.18055,0.2897194,603.196,998.104,60
2109,24.18055,0.2897194,603.196,998.104,60
2111,24.18055,0.2897194,603.196,998.104,60
2113,24.18055,0.2897193,603.196,998.104,60
2115,24.18055,0.2897193,603.196,998.104,60
2117,24.18055,0.2897193,603.196,998.104,60
2119,24.18055,0.2897193,603.196,998.104,60
2121,24.18055,0.2897193,603.196,998.104,60
2123,24.18055,0.2897193,603.196,998.104,60
2125,24.18055,0.2897193,603.196,998.104,60
2127,24.18055,0.2897193,603.196,998.104,60
2129,24.18055,0.2897192,603.196,998.104,60
2131,24.18055,0.2897192,603.196,998.104,60
2133,24.18055,0.2897193,603.196,998.104,60
2135,24.18055,0.2897193,603.196,998.104,60
2137,24.18055,0.2897193,603.196,998.104,60
2139,24.18055,0.2897191,603.196,998.104,60
2141,24.18055,0.2897191,603.196,998.104,60
2143,24.18055,0.289719,603.196,998.104,60
2145,24.18055,0.289719,603.196,998.104,60
2147,24.18055,0.289719,603.196,998.104,60
2149,24.18055,0.289719,603.196,998.104,60
2151,24.18055,0.289719,603.196,998.104,60
2153,24.18055,0.2897192,603.196,998.104,60
2155,24.18055,0.2897192,603.196,998.104,60
2157,24.18055,0.2897192,603.196,998.104,60
2159,24.18055,0.2897193,603.196,998.104,60
2161,24.18055,0.2897193,603.196,998.104,60
2163,24.18055,0.2897194,603.196,998.104,60
2165,24.18055,0.2897194,603.196,998.104,60
2167,24.18055,0.2897194,603.196,998.104,60
2169,24.18055,0.2897196,603.196,998.104,60
2171,24.18055,0.2897196,603.196,998.104,60
2173,24.18055,0.2897198,603.196,998.104,60
2175,24.18055,0.2897198,603.196,998.104,60
2177,24.18055,0.2897198,603.196,998.104,60
2179,24.18055,0.2897199,603.196,998.104,60
2181,24.18055,0.2897199,603.196,998.104,60
2183,24.18055,0.2897192,603.196,998.104,60
2185,24.18055,0.2897192,603.196,998.104,60
2187,24.18055,0.2897192,603.196,998.104,60
2189,24.18055,0.2897191,603.196,998.104,60
2191,24.18055,0.2897191,603.196,998.104,60
2193,24.18055,0.289719,603.196,998.104,60
2195,24.18055,0.289719,603.196,998.104,60
2197,24.18055,0.289719,603.196,998.104,60
2199,24.18055,0.2897193,603.196,998.104,60
2201,24.18055,0.2897193,603.196,998.104,60
2203,24.18055,0.2897196,603.196,998.104,60
2205,24.18055,0.2897196,603.196,998.104,60
2207,24.18055,0.2897196,603.196,998.104,60
2209,24.18055,0.2897191,603.196,998.104,60
2211,24.18055,0.2897191,603.196,998.104,60
2213,24.18055,0.2897195,603.196,998.104,60
2215,24.18055,0.2897195,603.196,998.104,60
2217,24.18055,0.2897195,603.196,998.104,60
2219,24.18055,0.2897195,603.196,998.104,60
2221,24.18055,0.2897195,603.196,998.104,60
2223,24.18055,0.2897192,603.196,998.104,60
2225,24.18055,0.2897192,603.196,998.104,60
2227,24.18055,0.2897192,603.196,998.104,60
2229,24.18055,0.289719,603.196,998.104,60
2231,24.18055,0.289719,603.196,998.104,60
2233,24.18055,0.2897193,603.196,998.104,60
2235,24.18055,0.2897193,603.196,998.104,60
2237,24.18055,0.2897193,603.196,998.104,60
2239,24.18055,0.2897193,603.196,998.104,60
2241,24.18055,0.2897193,603.196,998.104,60
2243,24.18055,0.2897191,603.196,998.104,60
2245,24.18055,0.2897191,603.196,998.104,60
2247,24.18055,0.2897191,603.196,998.104,60
2249,24.18055,0.2897182,603.196,998.104,60
2251,24.18055,0.2897182,603.196,998.104,60
2253,24.18055,0.289719,603.196,998.104,60
2255,24.18055,0.289719,603.196,998.104,60
2257,24.18055,0.289719,603.196,998.104,60
2259,24.18055,0.2897195,603.196,998.104,60
2261,24.18055,0.2897195,603.196,998.104,60
2263,24.18055,0.2897193,603.196,998.104,60
2265,24.18055,0.2897193,603.196,998.104,60
2267,24.18055,0.2897193,603.196,998.104,60
2269,24.18055,0.2897194,603.196,998.104,60
2271,24.18055,0.2897194,603.196,998.104,60
2273,24.18055,0.2897196,603.196,998.104,60
2275,24.18055,0.2897196,603.196,998.104,60
2277,24.18055,0.2897196,603.196,998.104,60
2279,24.18055,0.2897197,603.196,998.104,60
2281,24.18055,0.2897197,603.196,998.104,60
2283,24.18055,0.2897199,603.196,998.104,60
2285,24.18055,0.2897199,603.196,998.104,60
2287,24.18055,0.2897199,603.196,998.104,60
2289,24.18055,0.2897203,603.196,998.104,60
2291,24.18055,0.2897203,603.196,998.104,60
2293,24.18055,0.2897205,603.196,998.104,60
2295,24.18055,0.2897205,603.196,998.104,60
2297,24.18055,0.2897205,603.196,998.104,60
2299,24.18055,0.2897202,603.196,998.104,60
2301,24.18055,0.2897202,603.196,998.104,60
2303,24.18055,0.2897202,603.196,998.104,60
2305,24.18055,0.2897205,603.196,998.104,60
2307,24.18055,0.2897205,603.196,998.104,60
2309,24.18055,0.2897206,603.196,998.104,60
2311,24.18055,0.2897206,603.196,998.104,60
2313,24.18055,0.2897206,603.196,998.104,60
2315,24.18055,0.2897207,603.196,998.104,60
2317,24.18055,0.2897207,603.196,998.104,60
2319,24.18055,0.2897206,603.196,998.104,60
2321,24.18055,0.2897206,603.196,998.104,60
2323,24.18055,0.2897206,603.196,998.104,60
2325,24.18055,0.2897207,603.196,998.104,60
2327,24.18055,0.2897207,603.196,998.104,60
2329,24.18055,0.2897206,603.196,998.104,60
2331,24.18055,0.2897206,603.196,998.104,60
2333,24.18055,0.2897206,603.196,998.104,60
2335,24.18055,0.2897207,603.196,998.104,60
2337,24.18055,0.2897207,603.196,998.104,60
2339,24.18055,0.2897208,603.196,998.104,60
2341,24.18055,0.2897208,603.196,998.104,60
2343,24.18055,0.2897208,603.196,998.104,60
2345,24.18055,0.2897206,603.196,998.104,60
2347,24.18055,0.2897206,603.196,998.104,60
2349,24.18055,0.2897208,603.196,998.104,60
2351,24.18055,0.2897208,603.196,998.104,60
2353,24.18055,0.2897208,603.196,998.104,60
2355,24.18055,0.2897209,603.196,998.104,60
2357,24.18055,0.2897209,603.196,998.104,60
2359,24.18055,0.2897207,603.196,998.104,60
2361,24.18055,0.2897207,603.196,998.104,60
2363,24.18055,0.2897207,603.196,998.104,60
2365,24.18055,0.2897206,603.196,998.104,60
2367,24.18055,0.2897206,603.196,998.104,60
2369,24.18055,0.2897209,603.196,998.104,60
2371,24.18055,0.2897209,603.196,998.104,60
2373,24.18055,0.2897209,603.196,998.104,60
2375,24.18055,0.289721,603.196,998.104,60
2377,24.18055,0.289721,603.196,998.104,60
2379,24.18055,0.289721,603.196,998.104,60
2381,24.18055,0.289721,603.196,998.104,60
2383,24.18055,0.289721,603.196,998.104,60
2385,24.18055,0.289721,603.196,998.104,60
2387,24.18055,0.289721,603.196,998.104,60
2389,24.18055,0.289721,603.196,998.104,60
2391,24.18055,0.289721,603.196,998.104,60
2393,24.18055,0.289721,603.196,998.104,60
2395,24.18055,0.2897209,603.196,998.104,60
2397,24.18055,0.2897209,603.196,998.104,60
2399,24.18055,0.2897206,603.196,998.104,60
2401,24.18055,0.2897206,603.196,998.104,60
2403,24.18055,0.2897206,603.196,998.104,60
2405,24.18055,0.2897205,603.196,998.104,60
2407,24.18055,0.2897205,603.196,998.104,60
2409,24.18055,0.2897204,603.196,998.104,60
2411,24.18055,0.2897204,603.196,998.104,60
2413,24.18055,0.2897204,603.196,998.104,60
2415,24.18055,0.2897202,603.196,998.104,60
2417,24.18055,0.2897202,603.196,998.104,60
2419,24.18055,0.2897204,603.196,998.104,60
2421,24.18055,0.2897204,603.196,998.104,60
2423,24.18055,0.2897204,603.196,998.104,60
2425,24.18055,0.2897205,603.196,998.104,60
2427,24.18055,0.2897205,603.196,998.104,60
2429,24.18055,0.2897205,603.196,998.104,60
2431,24.18055,0.2897205,603.196,998.104,60
2433,24.18055,0.2897205,603.196,998.104,60
2435,24.18055,0.2897205,603.196,998.104,60
2437,24.18055,0.2897205,603.196,998.104,60
2439,24.18055,0.2897208,603.196,998.104,60
2441,24.18055,0.2897208,603.196,998.104,60
2443,24.18055,0.2897208,603.196,998.104,60
2445,24.18055,0.2897206,603.196,998.104,60
2447,24.18055,0.2897206,603.196,998.104,60
2449,24.18055,0.2897205,603.196,998.104,60
2451,24.18055,0.2897205,603.196,998.104,60
2453,24.18055,0.2897205,603.196,998.104,60
2455,24.18055,0.2897207,603.196,998.104,60
2457,24.18055,0.2897207,603.196,998.104,60
2459,24.18055,0.2897206,603.196,998.104,60
2461,24.18055,0.2897206,603.196,998.104,60
2463,24.18055,0.2897206,603.196,998.104,60
2465,24.18055,0.2897205,603.196,998.104,60
2467,24.18055,0.2897205,603.196,998.104,60
2469,24.18055,0.2897206,603.196,998.104,60
2471,24.18055,0.2897206,603.196,998.104,60
2473,24.18055,0.2897206,603.196,998.104,60
2475,24.18055,0.2897206,603.196,998.104,60
2477,24.18055,0.2897206,603.196,998.104,60
2479,24.18055,0.2897208,603.196,998.104,60
2481,24.18055,0.2897208,603.196,998.104,60
2483,24.18055,0.2897208,603.196,998.104,60
2485,24.18055,0.2897207,603.196,998.104,60
2487,24.18055,0.2897207,603.196,998.104,60
2489,24.18055,0.2897209,603.196,998.104,60
2491,24.18055,0.2897209,603.196,998.104,60
2493,24.18055,0.2897209,603.196,998.104,60
2495,24.18055,0.2897206,603.196,998.104,60
2497,24.18055,0.2897206,603.196,998.104,60
2499,24.18055,0.2897207,603.196,998.104,60
2501,24.18055,0.2897207,603.196,998.104,60
2503,24.18055,0.2897207,603.196,998.104,60
2505,24.18055,0.2897206,603.196,998.104,60
2507,24.18055,0.2897206,603.196,998.104,60
2509,24.18055,0.2897207,603.196,998.104,60
2511,24.18055,0.2897207,603.196,998.104,60
2513,24.18055,0.2897207,603.196,998.104,60
2515,24.18055,0.2897204,603.196,998.104,60
2517,24.18055,0.2897204,603.196,998.104,60
2519,24.18055,0.2897206,603.196,998.104,60
2521,24.18055,0.2897206,603.196,998.104,60
2523,24.18055,0.2897206,603.196,998.104,60
2525,24.18055,0.289721,603.196,998.104,60
2527,24.18055,0.289721,603.196,998.104,60
2529,24.18055,0.2897207,603.196,998.104,60
2531,24.18055,0.2897207,603.196,998.104,60
2533,24.18055,0.2897207,603.196,998.104,60
2535,24.18055,0.2897204,603.196,998.104,60
2537,24.18055,0.2897204,603.196,998.104,60
2539,24.18055,0.2897206,603.196,998.104,60
2541,24.18055,0.2897206,603.196,998.104,60
2543,24.18055,0.2897206,603.196,998.104,60
2545,24.18055,0.2897207,603.196,998.104,60
2547,24.18055,0.2897207,603.196,998.104,60
2549,24.18055,0.2897207,603.196,998.104,60
2551,24.18055,0.2897207,603.196,998.104,60
2553,24.18055,0.2897207,603.196,998.104,60
2555,24.18055,0.2897206,603.196,998.104,60
2557,24.18055,0.2897206,603.196,998.104,60
2559,24.18055,0.2897206,603.196,998.104,60
2561,24.18055,0.2897208,603.196,998.104,60
2563,24.18055,0.2897208,603.196,998.104,60
2565,24.18055,0.2897207,603.196,998.104,60
2567,24.18055,0.2897207,603.196,998.104,60
2569,24.18055,0.2897207,603.196,998.104,60
2571,24.18055,0.2897204,603.196,998.104,60
2573,24.18055,0.2897204,603.196,998.104,60
2575,24.18055,0.2897206,603.196,998.104,60
2577,24.18055,0.2897206,603.196,998.104,60
2579,24.18055,0.2897206,603.196,998.104,60
2581,24.18055,0.2897204,603.196,998.104,60
2583,24.18055,0.2897204,603.196,998.104,60
2585,24.18055,0.2897206,603.196,998.104,60
2587,24.18055,0.2897206,603.196,998.104,60
2589,24.18055,0.2897206,603.196,998.104,60
2591,24.18055,0.2897203,603.196,998.104,60
2593,24.18055,0.2897203,603.196,998.104,60
2595,24.18055,0.2897206,603.196,998.104,60
2597,24.18055,0.2897206,603.196,998.104,60
2599,24.18055,0.2897206,603.196,998.104,60
2601,24.18055,0.2897204,603.196,998.104,60
2603,24.18055,0.2897204,603.196,998.104,60
2605,24.18055,0.2897203,603.196,998.104,60
2607,24.18055,0.2897203,603.196,998.104,60
2609,24.18055,0.2897203,603.196,998.104,60
2611,24.18055,0.2897203,603.196,998.104,60
2613,24.18055,0.2897203,603.196,998.104,60
2615,24.18055,0.2897205,603.196,998.104,60
2617,24.18055,0.2897205,603.196,998.104,60
2619,24.18055,0.2897205,603.196,998.104,60
2621,24.18055,0.2897205,603.196,998.104,60
2623,24.18055,0.2897205,603.196,998.104,60
2625,24.18055,0.2897204,603.196,998.104,60
2627,24.18055,0.2897204,603.196,998.104,60
2629,24.18055,0.2897204,603.196,998.104,60
2631,24.18055,0.2897205,603.196,998.104,60
2633,24.18055,0.2897205,603.196,998.104,60
2635,24.18055,0.2897203,603.196,998.104,60
2637,24.18055,0.2897203,603.196,998.104,60
2639,24.18055,0.2897203,603.196,998.104,60
2641,24.18055,0.2897205,603.196,998.104,60
2643,24.18055,0.2897205,603.196,998.104,60
2645,24.18055,0.289721,603.196,998.104,60
2647,24.18055,0.289721,603.196,998.104,60
2649,24.18055,0.289721,603.196,998.104,60
2651,24.18055,0.289721,603.196,998.104,60
2653,24.18055,0.289721,603.196,998.104,60
2655,24.18055,0.2897209,603.196,998.104,60
2657,24.18055,0.2897209,603.196,998.104,60
2659,24.18055,0.2897209,603.196,998.104,60
2661,24.18055,0.2897207,603.196,998.104,60
2663,24.18055,0.2897207,603.196,998.104,60
2665,24.18055,0.2897204,603.196,998.104,60
2667,24.18055,0.2897204,603.196,998.104,60
2669,24.18055,0.2897204,603.196,998.104,60
2671,24.18055,0.2897205,603.196,998.104,60
2673,24.18055,0.2897205,603.196,998.104,60
2675,24.18055,0.2897206,603.196,998.104,60
2677,24.18055,0.2897206,603.196,998.104,60
2679,24.18055,0.2897206,603.196,998.104,60
2681,24.18055,0.2897204,603.196,998.104,60
2683,24.18055,0.2897204,603.196,998.104,60
2685,24.18055,0.2897204,603.196,998.104,60
2687,24.18055,0.2897204,603.196,998.104,60
2689,24.18055,0.2897204,603.196,998.104,60
2691,24.18055,0.2897205,603.196,998.104,60
2693,24.18055,0.2897205,603.196,998.104,60
2695,24.18055,0.2897203,603.196,998.104,60
2697,24.18055,0.2897203,603.196,998.104,60
2699,24.18055,0.2897203,603.196,998.104,60
2701,24.18055,0.2897205,603.196,998.104,60
2703,24.18055,0.2897205,603.196,998.104,60
2705,24.18055,0.2897207,603.196,998.104,60
2707,24.18055,0.2897207,603.196,998.104,60
2709,24.18055,0.2897207,603.196,998.104,60
2711,24.18055,0.2897207,603.196,998.104,60
2713,24.18055,0.2897207,603.196,998.104,60
2715,24.18055,0.2897207,603.196,998.104,60
2717,24.18055,0.2897207,603.196,998.104,60
2719,24.18055,0.2897207,603.196,998.104,60
2721,24.18055,0.2897204,603.196,998.104,60
2723,24.18055,0.2897204,603.196,998.104,60
2725,24.18055,0.2897202,603.196,998.104,60
2727,24.18055,0.2897202,603.196,998.104,60
2729,24.18055,0.2897202,603.196,998.104,60
2731,24.18055,0.2897202,603.196,998.104,60
2733,24.18055,0.2897202,603.196,998.104,60
2735,24.18055,0.2897204,603.196,998.104,60
2737,24.18055,0.2897204,603.196,998.104,60
2739,24.18055,0.2897204,603.196,998.104,60
2741,24.18055,0.2897203,603.196,998.104,60
2743,24.18055,0.2897203,603.196,998.104,60
2745,24.18055,0.2897204,603.196,998.104,60
2747,24.18055,0.2897204,603.196,998.104,60
2749,24.18055,0.2897204,603.196,998.104,60
2751,24.18055,0.2897202,603.196,998.104,60
2753,24.18055,0.2897202,603.196,998.104,60
2755,24.18055,0.2897205,603.196,998.104,60
2757,24.18055,0.2897205,603.196,998.104,60
2759,24.18055,0.2897205,603.196,998.104,60
2761,24.18055,0.2897207,603.196,998.104,60
2763,24.18055,0.2897207,603.196,998.104,60
2765,24.18055,0.2897204,603.196,998.104,60
2767,24.18055,0.2897204,603.196,998.104,60
2769,24.18055,0.2897204,603.196,998.104,60
2771,24.18055,0.2897207,603.196,998.104,60
2773,24.18055,0.2897207,603.196,998.104,60
2775,24.18055,0.2897208,603.196,998.104,60
2777,24.18055,0.2897208,603.196,998.104,60
2779,24.18055,0.2897208,603.196,998.104,60
2781,24.18055,0.2897203,603.196,998.104,60
2783,24.18055,0.2897203,603.196,998.104,60
2785,24.18055,0.2897208,603.196,998.104,60
2787,24.18055,0.2897208,603.196,998.104,60
2789,24.18055,0.2897208,603.196,998.104,60
2791,24.18055,0.2897209,603.196,998.104,60
2793,24.18055,0.2897209,603.196,998.104,60
2795,24.18055,0.2897209,603.196,998.104,60
2797,24.18055,0.2897209,603.196,998.104,60
2799,24.18055,0.2897209,603.196,998.104,60
2801,24.18055,0.2897209,603.196,998.104,60
2803,24.18055,0.2897209,603.196,998.104,60
2805,24.18055,0.2897209,603.196,998.104,60
2807,24.18055,0.2897208,603.196,998.104,60
2809,24.18055,0.2897208,603.196,998.104,60
2811,24.18055,0.2897209,603.196,998.104,60
2813,24.18055,0.2897209,603.196,998.104,60
2815,24.18055,0.2897209,603.196,998.104,60
2817,24.18055,0.2897205,603.196,998.104,60
2819,24.18055,0.2897205,603.196,998.104,60
2821,24.18055,0.2897207,603.196,998.104,60
2823,24.18055,0.2897207,603.196,998.104,60
2825,24.18055,0.2897207,603.196,998.104,60
2827,24.18055,0.2897201,603.196,998.104,60
2829,24.18055,0.2897201,603.196,998.104,60
2831,24.18055,0.2897201,603.196,998.104,60
2833,24.18055,0.2897201,603.196,998.104,60
2835,24.18055,0.2897201,603.196,998.104,60
2837,24.18055,0.2897202,603.196,998.104,60
2839,24.18055,0.2897202,603.196,998.104,60
2841,24.18055,0.2897205,603.196,998.104,60
2843,24.18055,0.2897205,603.196,998.104,60
2845,24.18055,0.2897205,603.196,998.104,60
2847,24.18055,0.2897206,603.196,998.104,60
2849,24.18055,0.2897206,603.196,998.104,60
2851,24.18055,0.2897203,603.196,998.104,60
2853,24.18055,0.2897203,603.196,998.104,60
2855,24.18055,0.2897203,603.196,998.104,60
2857,24.18055,0.2897204,603.196,998.104,60
2859,24.18055,0.2897204,603.196,998.104,60
2861,24.18055,0.2897203,603.196,998.104,60
2863,24.18055,0.2897203,603.196,998.104,60
2865,24.18055,0.2897203,603.196,998.104,60
2867,24.18055,0.2897204,603.196,998.104,60
2869,24.18055,0.2897204,603.196,998.104,60
2871,24.18055,0.2897204,603.196,998.104,60
2873,24.18055,0.2897204,603.196,998.104,60
2875,24.18055,0.2897204,603.196,998.104,60
2877,24.18055,0.2897201,603.196,998.104,60
2879,24.18055,0.2897201,603.196,998.104,60
2881,24.18055,0.2897204,603.196,998.104,60
2883,24.18055,0.2897204,603.196,998.104,60
2885,24.18055,0.2897204,603.196,998.104,60
2887,24.18055,0.2897207,603.196,998.104,60
2889,24.18055,0.2897207,603.196,998.104,60
2891,24.18055,0.2897203,603.196,998.104,60
2893,24.18055,0.2897203,603.196,998.104,60
2895,24.18055,0.2897203,603.196,998.104,60
2897,24.18055,0.2897203,603.196,998.104,60
2899,24.18055,0.2897203,603.196,998.104,60
2901,24.18055,0.2897199,603.196,998.104,60
2903,24.18055,0.2897199,603.196,998.104,60
2905,24.18055,0.2897199,603.196,998.104,60
2907,24.18055,0.2897201,603.196,998.104,60
2909,24.18055,0.2897201,603.196,998.104,60
2911,24.18055,0.2897204,603.196,998.104,60
2913,24.18055,0.2897204,603.196,998.104,60
2915,24.18055,0.2897204,603.196,998.104,60
2917,24.18055,0.2897206,603.196,998.104,60
2919,24.18055,0.2897206,603.196,998.104,60
2921,24.18055,0.2897204,603.196,998.104,60
2923,24.18055,0.2897204,603.196,998.104,60
2925,24.18055,0.2897204,603.196,998.104,60
2927,24.18055,0.28972,603.196,998.104,60
2929,24.18055,0.28972,603.196,998.104,60
2931,24.18055,0.2897203,603.196,998.104,60
2933,24.18055,0.2897203,603.196,998.104,60
2935,24.18055,0.2897203,603.196,998.104,60
2937,24.18055,0.2897201,603.196,998.104,60
2939,24.18055,0.2897201,603.196,998.104,60
2941,24.18055,0.2897203,603.196,998.104,60
2943,24.18055,0.2897203,603.196,998.104,60
2945,24.18055,0.2897203,603.196,998.104,60
2947,24.18055,0.2897202,603.196,998.104,60
2949,24.18055,0.2897202,603.196,998.104,60
2951,24.18055,0.2897201,603.196,998.104,60
2953,24.18055,0.2897201,603.196,998.104,60
2955,24.18055,0.2897201,603.196,998.104,60
2957,24.18055,0.2897197,603.196,998.104,60
2959,24.18055,0.2897197,603.196,998.104,60
2961,24.18055,0.2897195,603.196,998.104,60
2963,24.18055,0.2897195,603.196,998.104,60
2965,24.18055,0.2897195,603.196,998.104,60
2967,24.18055,0.2897196,603.196,998.104,60
2969,24.18055,0.2897196,603.196,998.104,60
2971,24.18055,0.2897195,603.196,998.104,60
2973,24.18055,0.2897195,603.196,998.104,60
2975,24.18055,0.2897195,603.196,998.104,60
2977,24.18055,0.2897196,603.196,998.104,60
2979,24.18055,0.2897196,603.196,998.104,60
2981,24.18055,0.2897196,603.196,998.104,60
2983,24.18055,0.2897196,603.196,998.104,60
2985,24.18055,0.2897196,603.196,998.104,60
2987,24.18055,0.2897197,603.196,998.104,60
2989,24.18055,0.2897197,603.196,998.104,60
2991,24.18055,0.2897196,603.196,998.104,60
2993,24.18055,0.2897196,603.196,998.104,60
2995,24.18055,0.2897196,603.196,998.104,60
2997,24.18055,0.2897196,603.196,998.104,60
2999,24.18055,0.2897196,603.196,998.104,60
3001,24.18055,0.2897194,603.196,998.104,60
3003,24.18055,0.2897194,603.196,998.104,60
3005,24.18055,0.2897194,603.196,998.104,60
3007,24.18055,0.2897195,603.196,998.104,60
3009,24.18055,0.2897195,603.196,998.104,60
3011,24.18055,0.2897197,603.196,998.104,60
3013,24.18055,0.2897197,603.196,998.104,60
3015,24.18055,0.2897197,603.196,998.104,60
3017,24.18055,0.2897195,603.196,998.104,60
3019,24.18055,0.2897195,603.196,998.104,60
3021,24.18055,0.2897196,603.196,998.104,60
3023,24.18055,0.2897196,603.196,998.104,60
3025,24.18055,0.2897196,603.196,998.104,60
3027,24.18055,0.2897195,603.196,998.104,60
3029,24.18055,0.2897195,603.196,998.104,60
3031,24.18055,0.2897198,603.196,998.104,60
3033,24.18055,0.2897198,603.196,998.104,60
3035,24.18055,0.2897198,603.196,998.104,60
3037,24.18055,0.2897198,603.196,998.104,60
3039,24.18055,0.2897198,603.196,998.104,60
3041,24.18055,0.2897199,603.196,998.104,60
3043,24.18055,0.2897199,603.196,998.104,60
3045,24.18055,0.2897199,603.196,998.104,60
3047,24.18055,0.2897198,603.196,998.104,60
3049,24.18055,0.2897198,603.196,998.104,60
3051,24.18055,0.2897198,603.196,998.104,60
3053,24.18055,0.2897197,603.196,998.104,60
3055,24.18055,0.2897197,603.196,998.104,60
3057,24.18055,0.2897198,603.196,998.104,60
3059,24.18055,0.2897198,603.196,998.104,60
3061,24.18055,0.2897198,603.196,998.104,60
3063,24.18055,0.2897199,603.196,998.104,60
3065,24.18055,0.2897199,603.196,998.104,60
3067,24.18055,0.2897197,603.196,998.104,60
3069,24.18055,0.2897197,603.196,998.104,60
3071,24.18055,0.2897197,603.196,998.104,60
3073,24.18055,0.2897196,603.196,998.104,60
3075,24.18055,0.2897196,603.196,998.104,60
3077,24.18055,0.2897196,603.196,998.104,60
3079,24.18055,0.2897196,603.196,998.104,60
3081,24.18055,0.2897196,603.196,998.104,60
3083,24.18055,0.2897195,603.196,998.104,60
3085,24.18055,0.2897195,603.196,998.104,60
3087,24.18055,0.2897196,603.196,998.104,60
3089,24.18055,0.2897196,603.196,998.104,60
3091,24.18055,0.2897196,603.196,998.104,60
3093,24.18055,0.2897196,603.196,998.104,60
3095,24.18055,0.2897196,603.196,998.104,60
3097,24.18055,0.2897197,603.196,998.104,60
3099,24.18055,0.2897197,603.196,998.104,60
3101,24.18055,0.2897197,603.196,998.104,60
3103,24.18055,0.2897195,603.196,998.104,60
3105,24.18055,0.2897195,603.196,998.104,60
3107,24.18055,0.2897199,603.196,998.104,60
3109,24.18055,0.2897199,603.196,998.104,60
3111,24.18055,0.2897199,603.196,998.104,60
3113,24.18055,0.28972,603.196,998.104,60
3115,24.18055,0.28972,603.196,998.104,60
3117,24.18055,0.2897196,603.196,998.104,60
3119,24.18055,0.2897196,603.196,998.104,60
3121,24.18055,0.2897196,603.196,998.104,60
3123,24.18055,0.2897196,603.196,998.104,60
3125,24.18055,0.2897196,603.196,998.104,60
3127,24.18055,0.2897196,603.196,998.104,60
3129,24.18055,0.2897196,603.196,998.104,60
3131,24.18055,0.2897196,603.196,998.104,60
3133,24.18055,0.2897195,603.196,998.104,60
3135,24.18055,0.2897195,603.196,998.104,60
3137,24.18055,0.2897197,603.196,998.104,60
3139,24.18055,0.2897197,603.196,998.104,60
3141,24.18055,0.2897197,603.196,998.104,60
3143,24.18055,0.2897196,603.196,998.104,60
3145,24.18055,0.2897196,603.196,998.104,60
3147,24.18055,0.2897196,603.196,998.104,60
3149,24.18055,0.2897196,603.196,998.104,60
3151,24.18055,0.2897196,603.196,998.104,60
3153,24.18055,0.2897196,603.196,998.104,60
3155,24.18055,0.2897196,603.196,998.104,60
3157,24.18055,0.2897197,603.196,998.104,60
3159,24.18055,0.2897197,603.196,998.104,60
3161,24.18055,0.2897197,603.196,998.104,60
3163,24.18055,0.2897198,603.196,998.104,60
3165,24.18055,0.2897198,603.196,998.104,60
3167,24.18055,0.2897198,603.196,998.104,60
3169,24.18055,0.2897198,603.196,998.104,60
3171,24.18055,0.2897198,603.196,998.104,60
3173,24.18055,0.2897201,603.196,998.104,60
3175,24.18055,0.2897201,603.196,998.104,60
3177,24.18055,0.2897204,603.196,998.104,60
3179,24.18055,0.2897204,603.196,998.104,60
3181,24.18055,0.2897204,603.196,998.104,60
3183,24.18055,0.2897205,603.196,998.104,60
3185,24.18055,0.2897205,603.196,998.104,60
3187,24.18055,0.2897209,603.196,998.104,60
3189,24.18055,0.2897209,603.196,998.104,60
3191,24.18055,0.2897209,603.196,998.104,60
3193,24.18055,0.2897206,603.196,998.104,60
3195,24.18055,0.2897206,603.196,998.104,60
3197,24.18055,0.2897206,603.196,998.104,60
3199,24.18055,0.2897206,603.196,998.104,60
3201,24.18055,0.2897206,603.196,998.104,60
3203,24.18055,0.2897208,603.196,998.104,60
3205,24.18055,0.2897208,603.196,998.104,60
3207,24.18055,0.2897207,603.196,998.104,60
3209,24.18055,0.2897207,603.196,998.104,60
3211,24.18055,0.2897207,603.196,998.104,60
3213,24.18055,0.2897204,603.196,998.104,60
3215,24.18055,0.2897204,603.196,998.104,60
3217,24.18055,0.2897204,603.196,998.104,60
3219,24.18055,0.2897204,603.196,998.104,60
3221,24.18055,0.2897204,603.196,998.104,60
3223,24.18055,0.2897201,603.196,998.104,60
3225,24.18055,0.2897201,603.196,998.104,60
3227,24.18055,0.2897205,603.196,998.104,60
3229,24.18055,0.2897205,603.196,998.104,60
3231,24.18055,0.2897205,603.196,998.104,60
3233,24.18055,0.2897208,603.196,998.104,60
3235,24.18055,0.2897208,603.196,998.104,60
3237,24.18055,0.2897204,603.196,998.104,60
3239,24.18055,0.2897204,603.196,998.104,60
3241,24.18055,0.2897204,603.196,998.104,60
3243,24.18055,0.2897202,603.196,998.104,60
3245,24.18055,0.2897202,603.196,998.104,60
3247,24.18055,0.2897205,603.196,998.104,60
3249,24.18055,0.2897205,603.196,998.104,60
3251,24.18055,0.2897205,603.196,998.104,60
3253,24.18055,0.2897204,603.196,998.104,60
3255,24.18055,0.2897204,603.196,998.104,60
3257,24.18055,0.2897205,603.196,998.104,60
3259,24.18055,0.2897205,603.196,998.104,60
3261,24.18055,0.2897205,603.196,998.104,60
3263,24.18055,0.2897208,603.196,998.104,60
3265,24.18055,0.2897208,603.196,998.104,60
3267,24.18055,0.2897209,603.196,998.104,60
3269,24.18055,0.2897209,603.196,998.104,60
3271,24.18055,0.2897209,603.196,998.104,60
3273,24.18055,0.2897206,603.196,998.104,60
3275,24.18055,0.2897206,603.196,998.104,60
3277,24.18055,0.2897203,603.196,998.104,60
3279,24.18055,0.2897203,603.196,998.104,60
3281,24.18055,0.2897203,603.196,998.104,60
3283,24.18055,0.2897201,603.196,998.104,60
3285,24.18055,0.2897201,603.196,998.104,60
3287,24.18055,0.2897203,603.196,998.104,60
3289,24.18055,0.2897203,603.196,998.104,60
3291,24.18055,0.2897203,603.196,998.104,60
3293,24.18055,0.2897204,603.196,998.104,60
3295,24.18055,0.2897204,603.196,998.104,60
3297,24.18055,0.2897205,603.196,998.104,60
3299,24.18055,0.2897205,603.196,998.104,60
3301,24.18055,0.2897205,603.196,998.104,60
3303,24.18055,0.2897204,603.196,998.104,60
3305,24.18055,0.2897204,603.196,998.104,60
3307,24.18055,0.2897204,603.196,998.104,60
3309,24.18055,0.2897203,603.196,998.104,60
3311,24.18055,0.2897203,603.196,998.104,60
3313,24.18055,0.2897201,603.196,998.104,60
3315,24.18055,0.2897201,603.196,998.104,60
3317,24.18055,0.2897201,603.196,998.104,60
3319,24.18055,0.2897198,603.196,998.104,60
3321,24.18055,0.2897198,603.196,998.104,60
3323,24.18055,0.2897196,603.196,998.104,60
3325,24.18055,0.2897196,603.196,998.104,60
3327,24.18055,0.2897196,603.196,998.104,60
3329,24.18055,0.2897195,603.196,998.104,60
3331,24.18055,0.2897195,603.196,998.104,60
3333,24.18055,0.2897195,603.196,998.104,60
3335,24.18055,0.2897195,603.196,998.104,60
3337,24.18055,0.2897195,603.196,998.104,60
3339,24.18055,0.2897198,603.196,998.104,60
3341,24.18055,0.2897198,603.196,998.104,60
3343,24.18055,0.2897198,603.196,998.104,60
3345,24.18055,0.2897198,603.196,998.104,60
3347,24.18055,0.2897198,603.196,998.104,60
3349,24.18055,0.2897195,603.196,998.104,60
3351,24.18055,0.2897195,603.196,998.104,60
3353,24.18055,0.2897193,603.196,998.104,60
3355,24.18055,0.2897193,603.196,998.104,60
3357,24.18055,0.2897193,603.196,998.104,60
3359,24.18055,0.2897196,603.196,998.104,60
3361,24.18055,0.2897196,603.196,998.104,60
3363,24.18055,0.2897196,603.196,998.104,60
3365,24.18055,0.2897196,603.196,998.104,60
3367,24.18055,0.2897196,603.196,998.104,60
3369,24.18055,0.2897195,603.196,998.104,60
3371,24.18055,0.2897195,603.196,998.104,60
3373,24.18055,0.2897195,603.196,998.104,60
3375,24.18055,0.2897195,603.196,998.104,60
3377,24.18055,0.2897195,603.196,998.104,60
3379,24.18055,0.2897198,603.196,998.104,60
3381,24.18055,0.2897198,603.196,998.104,60
3383,24.18055,0.2897198,603.196,998.104,60
3385,24.18055,0.2897198,603.196,998.104,60
3387,24.18055,0.2897198,603.196,998.104,60
3389,24.18055,0.2897199,603.196,998.104,60
3391,24.18055,0.2897199,603.196,998.104,60
3393,24.18055,0.2897199,603.196,998.104,60
3395,24.18055,0.2897199,603.196,998.104,60
3397,24.18055,0.2897199,603.196,998.104,60
3399,24.18055,0.2897196,603.196,998.104,60
3401,24.18055,0.2897196,603.196,998.104,60
3403,24.18055,0.2897195,603.196,998.104,60
3405,24.18055,0.2897195,603.196,998.104,60
3407,24.18055,0.2897195,603.196,998.104,60
3409,24.18055,0.2897192,603.196,998.104,60
3411,24.18055,0.2897192,603.196,998.104,60
3413,24.18055,0.2897196,603.196,998.104,60
3415,24.18055,0.2897196,603.196,998.104,60
3417,24.18055,0.2897196,603.196,998.104,60
3419,24.18055,0.2897193,603.196,998.104,60
3421,24.18055,0.2897193,603.196,998.104,60
3423,24.18055,0.2897193,603.196,998.104,60
3425,24.18055,0.2897193,603.196,998.104,60
3427,24.18055,0.2897193,603.196,998.104,60
3429,24.18055,0.2897191,603.196,998.104,60
3431,24.18055,0.2897191,603.196,998.104,60
3433,24.18055,0.2897193,603.196,998.104,60
3435,24.18055,0.2897193,603.196,998.104,60
3437,24.18055,0.2897193,603.196,998.104,60
3439,24.18055,0.2897193,603.196,998.104,60
3441,24.18055,0.2897193,603.196,998.104,60
3443,24.18055,0.2897195,603.196,998.104,60
3445,24.18055,0.2897195,603.196,998.104,60
3447,24.18055,0.2897195,603.196,998.104,60
3449,24.18055,0.2897193,603.196,998.104,60
3451,24.18055,0.2897193,603.196,998.104,60
3453,24.18055,0.2897195,603.196,998.104,60
3455,24.18055,0.2897195,603.196,998.104,60
3457,24.18055,0.2897195,603.196,998.104,60
3459,24.18055,0.289719,603.196,998.104,60
3461,24.18055,0.289719,603.196,998.104,60
3463,24.18055,0.289719,603.196,998.104,60
3465,24.18055,0.289719,603.196,998.104,60
3467,24.18055,0.289719,603.196,998.104,60
3469,24.18055,0.2897194,603.196,998.104,60
3471,24.18055,0.2897194,603.196,998.104,60
3473,24.18055,0.2897195,603.196,998.104,60
3475,24.18055,0.2897195,603.196,998.104,60
3477,24.18055,0.2897195,603.196,998.104,60
3479,24.18055,0.2897195,603.196,998.104,60
3481,24.18055,0.2897195,603.196,998.104,60
3483,24.18055,0.2897194,603.196,998.104,60
3485,24.18055,0.2897194,603.196,998.104,60
3487,24.18055,0.2897194,603.196,998.104,60
3489,24.18055,0.2897194,603.196,998.104,60
3491,24.18055,0.2897194,603.196,998.104,60
3493,24.18055,0.2897192,603.196,998.104,60
3495,24.18055,0.2897192,603.196,998.104,60
3497,24.18055,0.2897192,603.196,998.104,60
3499,24.18055,0.2897194,603.196,998.104,60
3501,24.18055,0.2897194,603.196,998.104,60
3503,24.18055,0.2897195,603.196,998.104,60
3505,24.18055,0.2897195,603.196,998.104,60
3507,24.18055,0.2897195,603.196,998.104,60
3509,24.18055,0.2897193,603.196,998.104,60
3511,24.18055,0.2897193,603.196,998.104,60
3513,24.18055,0.289719,603.196,998.104,60
3515,24.18055,0.289719,603.196,998.104,60
3517,24.18055,0.289719,603.196,998.104,60
3519,24.18055,0.289719,603.196,998.104,60
3521,24.18055,0.289719,603.196,998.104,60
3523,24.18055,0.2897194,603.196,998.104,60
3525,24.18055,0.2897194,603.196,998.104,60
3527,24.18055,0.2897194,603.196,998.104,60
3529,24.18055,0.2897191,603.196,998.104,60
3531,24.18055,0.2897191,603.196,998.104,60
3533,24.18055,0.2897193,603.196,998.104,60
3535,24.18055,0.2897193,603.196,998.104,60
3537,24.18055,0.2897193,603.196,998.104,60
3539,24.18055,0.2897197,603.196,998.104,60
3541,24.18055,0.2897197,603.196,998.104,60
3543,24.18055,0.2897193,603.196,998.104,60
3545,24.18055,0.2897193,603.196,998.104,60
3547,24.18055,0.2897193,603.196,998.104,60
3549,24.18055,0.2897195,603.196,998.104,60
3551,24.18055,0.2897195,603.196,998.104,60
3553,24.18055,0.2897195,603.196,998.104,60
3555,24.18055,0.2897194,603.196,998.104,60
3557,24.18055,0.2897194,603.196,998.104,60
3559,24.18055,0.2897198,603.196,998.104,60
3561,24.18055,0.2897198,603.196,998.104,60
3563,24.18055,0.2897198,603.196,998.104,60
3565,24.18055,0.2897197,603.196,998.104,60
3567,24.18055,0.2897197,603.196,998.104,60
3569,24.18055,0.2897196,603.196,998.104,60
3571,24.18055,0.2897196,603.196,998.104,60
3573,24.18055,0.2897196,603.196,998.104,60
3575,24.18055,0.2897196,603.196,998.104,60
3577,24.18055,0.2897196,603.196,998.104,60
3579,24.18055,0.2897201,603.196,998.104,60
3581,24.18055,0.2897201,603.196,998.104,60
3583,24.18055,0.2897201,603.196,998.104,60
3585,24.18055,0.2897202,603.196,998.104,60
3587,24.18055,0.2897202,603.196,998.104,60
3589,24.18055,0.28972,603.196,998.104,60
3591,24.18055,0.28972,603.196,998.104,60
3593,24.18055,0.28972,603.196,998.104,60
3595,24.18055,0.2897201,603.196,998.104,60
3597,24.18055,0.2897201,603.196,998.104,60
3599,24.18055,0.2897202,603.196,998.104,60
3601,24.18055,0.2897202,603.196,998.104,60
3603,24.18055,0.2897202,603.196,998.104,60
3605,24.18055,0.2897202,603.196,998.104,60
3607,24.18055,0.2897202,603.196,998.104,60
3609,24.18055,0.2897205,603.196,998.104,60
3611,24.18055,0.2897205,603.196,998.104,60
3613,24.18055,0.2897205,603.196,998.104,60
3615,24.18055,0.2897205,603.196,998.104,60
3617,24.18055,0.2897205,603.196,998.104,60
3619,24.18055,0.2897205,603.196,998.104,60
3621,24.18055,0.2897205,603.196,998.104,60
3623,24.18055,0.2897205,603.196,998.104,60
3625,24.18055,0.2897204,603.196,998.104,60
3627,24.18055,0.2897204,603.196,998.104,60
3629,24.18055,0.2897205,603.196,998.104,60
3631,24.18055,0.2897205,603.196,998.104,60
3633,24.18055,0.2897205,603.196,998.104,60
3635,24.18055,0.2897206,603.196,998.104,60
3637,24.18055,0.2897206,603.196,998.104,60
3639,24.18055,0.2897206,603.196,998.104,60
3641,24.18055,0.2897206,603.196,998.104,60
3643,24.18055,0.2897206,603.196,998.104,60
3645,24.18055,0.2897207,603.196,998.104,60
3647,24.18055,0.2897207,603.196,998.104,60
3649,24.18055,0.2897208,603.196,998.104,60
3651,24.18055,0.2897208,603.196,998.104,60
3653,24.18055,0.2897208,603.196,998.104,60
3655,24.18055,0.2897207,603.196,998.104,60
3657,24.18055,0.2897207,603.196,998.104,60
3659,24.18055,0.2897205,603.196,998.104,60
3661,24.18055,0.2897205,603.196,998.104,60
3663,24.18055,0.2897205,603.196,998.104,60
3665,24.18055,0.2897207,603.196,998.104,60
3667,24.18055,0.2897207,603.196,998.104,60
3669,24.18055,0.2897207,603.196,998.104,60
3671,24.18055,0.2897207,603.196,998.104,60
3673,24.18055,0.2897207,603.196,998.104,60
3675,24.18055,0.2897206,603.196,998.104,60
3677,24.18055,0.2897206,603.196,998.104,60
3679,24.18055,0.2897206,603.196,998.104,60
3681,24.18055,0.2897206,603.196,998.104,60
3683,24.18055,0.2897206,603.196,998.104,60
3685,24.18055,0.2897206,603.196,998.104,60
3687,24.18055,0.2897206,603.196,998.104,60
3689,24.18055,0.2897207,603.196,998.104,60
3691,24.18055,0.2897207,603.196,998.104,60
3693,24.18055,0.2897207,603.196,998.104,60
3695,24.18055,0.2897207,603.196,998.104,60
3697,24.18055,0.2897207,603.196,998.104,60
3699,24.18055,0.2897204,603.196,998.104,60
3701,24.18055,0.2897204,603.196,998.104,60
3703,24.18055,0.2897204,603.196,998.104,60
3705,24.18055,0.2897203,603.196,998.104,60
3707,24.18055,0.2897203,603.196,998.104,60
3709,24.18055,0.2897207,603.196,998.104,60
3711,24.18055,0.2897207,603.196,998.104,60
3713,24.18055,0.2897207,603.196,998.104,60
3715,24.18055,0.2897207,603.196,998.104,60
3717,24.18055,0.2897207,603.196,998.104,60
3719,24.18055,0.2897206,603.196,998.104,60
3721,24.18055,0.2897206,603.196,998.104,60
3723,24.18055,0.2897206,603.196,998.104,60
3725,24.18055,0.2897206,603.196,998.104,60
3727,24.18055,0.2897206,603.196,998.104,60
3729,24.18055,0.2897204,603.196,998.104,60
3731,24.18055,0.2897204,603.196,998.104,60
3733,24.18055,0.2897204,603.196,998.104,60
3735,24.18055,0.2897206,603.196,998.104,60
3737,24.18055,0.2897206,603.196,998.104,60
3739,24.18055,0.2897207,603.196,998.104,60
3741,24.18055,0.2897207,603.196,998.104,60
3743,24.18055,0.2897207,603.196,998.104,60
3745,24.18055,0.2897206,603.196,998.104,60
3747,24.18055,0.2897206,603.196,998.104,60
3749,24.18055,0.2897207,603.196,998.104,60
3751,24.18055,0.2897207,603.196,998.104,60
3753,24.18055,0.2897207,603.196,998.104,60
3755,24.18055,0.2897209,603.196,998.104,60
3757,24.18055,0.2897209,603.196,998.104,60
3759,24.18055,0.2897209,603.196,998.104,60
3761,24.18055,0.2897209,603.196,998.104,60
3763,24.18055,0.2897209,603.196,998.104,60
3765,24.18055,0.2897205,603.196,998.104,60
3767,24.18055,0.2897205,603.196,998.104,60
3769,24.18055,0.2897203,603.196,998.104,60
3771,24.18055,0.2897203,603.196,998.104,60
3773,24.18055,0.2897203,603.196,998.104,60
3775,24.18055,0.2897207,603.196,998.104,60
3777,24.18055,0.2897207,603.196,998.104,60
3779,24.18055,0.2897205,603.196,998.104,60
3781,24.18055,0.2897205,603.196,998.104,60
3783,24.18055,0.2897205,603.196,998.104,60
3785,24.18055,0.2897205,603.196,998.104,60
3787,24.18055,0.2897205,603.196,998.104,60
3789,24.18055,0.2897194,603.196,998.104,60
3791,24.18055,0.2897194,603.196,998.104,60
3793,24.18055,0.2897194,603.196,998.104,60
3795,24.18055,0.2897197,603.196,998.104,60
3797,24.18055,0.2897197,603.196,998.104,60
3799,24.18055,0.2897194,603.196,998.104,60
3801,24.18055,0.2897194,603.196,998.104,60
3803,24.18055,0.2897194,603.196,998.104,60
3805,24.18055,0.2897197,603.196,998.104,60
3807,24.18055,0.2897197,603.196,998.104,60
3809,24.18055,0.2897197,603.196,998.104,60
3811,24.18055,0.2897198,603.196,998.104,60
3813,24.18055,0.2897198,603.196,998.104,60
3815,24.18055,0.2897194,603.196,998.104,60
3817,24.18055,0.2897194,603.196,998.104,60
3819,24.18055,0.2897194,603.196,998.104,60
3821,24.18055,0.2897196,603.196,998.104,60
3823,24.18055,0.2897196,603.196,998.104,60
3825,24.18055,0.2897196,603.196,998.104,60
3827,24.18055,0.2897196,603.196,998.104,60
3829,24.18055,0.2897196,603.196,998.104,60
3831,24.18055,0.2897199,603.196,998.104,60
3833,24.18055,0.2897199,603.196,998.104,60
3835,24.18055,0.2897201,603.196,998.104,60
3837,24.18055,0.2897201,603.196,998.104,60
3839,24.18055,0.2897201,603.196,998.104,60
3841,24.18055,0.2897194,603.196,998.104,60
3843,24.18055,0.2897194,603.196,998.104,60
3845,24.18055,0.2897198,603.196,998.104,60
3847,24.18055,0.2897198,603.196,998.104,60
3849,24.18055,0.2897198,603.196,998.104,60
3851,24.18055,0.2897195,603.196,998.104,60
3853,24.18055,0.2897195,603.196,998.104,60
3855,24.18055,0.2897196,603.196,998.104,60
3857,24.18055,0.2897196,603.196,998.104,60
3859,24.18055,0.2897196,603.196,998.104,60
3861,24.18055,0.2897196,603.196,998.104,60
3863,24.18055,0.2897196,603.196,998.104,60
3865,24.18055,0.2897197,603.196,998.104,60
3867,24.18055,0.2897197,603.196,998.104,60
3869,24.18055,0.2897197,603.196,998.104,60
3871,24.18055,0.2897196,603.196,998.104,60
3873,24.18055,0.2897196,603.196,998.104,60
3875,24.18055,0.2897198,603.196,998.104,60
3877,24.18055,0.2897198,603.196,998.104,60
3879,24.18055,0.2897198,603.196,998.104,60
3881,24.18055,0.2897197,603.196,998.104,60
3883,24.18055,0.2897197,603.196,998.104,60
3885,24.18055,0.2897196,603.196,998.104,60
3887,24.18055,0.2897196,603.196,998.104,60
3889,24.18055,0.2897196,603.196,998.104,60
3891,24.18055,0.2897196,603.196,998.104,60
3893,24.18055,0.2897196,603.196,998.104,60
3895,24.18055,0.2897196,603.196,998.104,60
3897,24.18055,0.2897196,603.196,998.104,60
3899,24.18055,0.2897196,603.196,998.104,60
3901,24.18055,0.2897194,603.196,998.104,60
3903,24.18055,0.2897194,603.196,998.104,60
3905,24.18055,0.28972,603.196,998.104,60
3907,24.18055,0.28972,603.196,998.104,60
3909,24.18055,0.28972,603.196,998.104,60
3911,24.18055,0.2897195,603.196,998.104,60
3913,24.18055,0.2897195,603.196,998.104,60
3915,24.18055,0.2897193,603.196,998.104,60
3917,24.18055,0.2897193,603.196,998.104,60
3919,24.18055,0.2897193,603.196,998.104,60
3921,24.18055,0.2897198,603.196,998.104,60
3923,24.18055,0.2897198,603.196,998.104,60
3925,24.18055,0.2897195,603.196,998.104,60
3927,24.18055,0.2897195,603.196,998.104,60
3929,24.18055,0.2897195,603.196,998.104,60
3931,24.18055,0.2897196,603.196,998.104,60
3933,24.18055,0.2897196,603.196,998.104,60
3935,24.18055,0.2897199,603.196,998.104,60
3937,24.18055,0.2897199,603.196,998.104,60
3939,24.18055,0.2897199,603.196,998.104,60
3941,24.18055,0.2897198,603.196,998.104,60
3943,24.18055,0.2897198,603.196,998.104,60
3945,24.18055,0.28972,603.196,998.104,60
3947,24.18055,0.28972,603.196,998.104,60
3949,24.18055,0.28972,603.196,998.104,60
3951,24.18055,0.2897199,603.196,998.104,60
3953,24.18055,0.2897199,603.196,998.104,60
3955,24.18055,0.2897196,603.196,998.104,60
3957,24.18055,0.2897196,603.196,998.104,60
3959,24.18055,0.2897196,603.196,998.104,60
3961,24.18055,0.28972,603.196,998.104,60
3963,24.18055,0.28972,603.196,998.104,60
3965,24.18055,0.2897203,603.196,998.104,60
3967,24.18055,0.2897203,603.196,998.104,60
3969,24.18055,0.2897203,603.196,998.104,60
3971,24.18055,0.2897202,603.196,998.104,60
3973,24.18055,0.2897202,603.196,998.104,60
3975,24.18055,0.2897199,603.196,998.104,60
3977,24.18055,0.2897199,603.196,998.104,60
3979,24.18055,0.2897199,603.196,998.104,60
3981,24.18055,0.2897193,603.196,998.104,60
3983,24.18055,0.2897193,603.196,998.104,60
3985,24.18055,0.2897193,603.196,998.104,60
3987,24.18055,0.2897193,603.196,998.104,60
3989,24.18055,0.2897193,603.196,998.104,60
3991,24.18055,0.2897191,603.196,998.104,60
3993,24.18055,0.2897191,603.196,998.104,60
3995,24.18055,0.2897192,603.196,998.104,60
3997,24.18055,0.2897192,603.196,998.104,60
3999,24.18055,0.2897192,603.196,998.104,60
4001,24.18055,0.2897189,603.196,998.104,60
4003,24.18055,0.2897189,603.196,998.104,60
4005,24.18055,0.2897194,603.196,998.104,60
4007,24.18055,0.2897194,603.196,998.104,60
4009,24.18055,0.2897194,603.196,998.104,60
4011,24.18055,0.2897196,603.196,998.104,60
4013,24.18055,0.2897196,603.196,998.104,60
4015,24.18055,0.2897194,603.196,998.104,60
4017,24.18055,0.2897194,603.196,998.104,60
4019,24.18055,0.2897194,603.196,998.104,60
4021,24.18055,0.2897194,603.196,998.104,60
4023,24.18055,0.2897194,603.196,998.104,60
4025,24.18055,0.2897196,603.196,998.104,60
4027,24.18055,0.2897196,603.196,998.104,60
4029,24.18055,0.2897196,603.196,998.104,60
4031,24.18055,0.2897193,603.196,998.104,60
4033,24.18055,0.2897193,603.196,998.104,60
4035,24.18055,0.2897192,603.196,998.104,60
4037,24.18055,0.2897192,603.196,998.104,60
4039,24.18055,0.2897192,603.196,998.104,60
4041,24.18055,0.2897195,603.196,998.104,60
4043,24.18055,0.2897195,603.196,998.104,60
4045,24.18055,0.2897193,603.196,998.104,60
4047,24.18055,0.2897193,603.196,998.104,60
4049,24.18055,0.2897193,603.196,998.104,60
4051,24.18055,0.2897199,603.196,998.104,60
4053,24.18055,0.2897199,603.196,998.104,60
4055,24.18055,0.2897199,603.196,998.104,60
4057,24.18055,0.2897198,603.196,998.104,60
4059,24.18055,0.2897198,603.196,998.104,60
4061,24.18055,0.2897202,603.196,998.104,60
4063,24.18055,0.2897202,603.196,998.104,60
4065,24.18055,0.2897202,603.196,998.104,60
4067,24.18055,0.2897205,603.196,998.104,60
4069,24.18055,0.2897205,603.196,998.104,60
4071,24.18055,0.2897205,603.196,998.104,60
4073,24.18055,0.2897205,603.196,998.104,60
4075,24.18055,0.2897205,603.196,998.104,60
4077,24.18055,0.2897205,603.196,998.104,60
4079,24.18055,0.2897205,603.196,998.104,60
4081,24.18055,0.2897205,603.196,998.104,60
4083,24.18055,0.2897205,603.196,998.104,60
4085,24.18055,0.2897205,603.196,998.104,60
4087,24.18055,0.289719,603.196,998.104,60
4089,24.18055,0.289719,603.196,998.104,60
4091,24.18055,0.2897189,603.196,998.104,60
4093,24.18055,0.2897189,603.196,998.104,60
4095,24.18055,0.2897189,603.196,998.104,60
4097,24.18055,0.2897193,603.196,998.104,60
4099,24.18055,0.2897193,603.196,998.104,60
4101,24.18055,0.2897194,603.196,998.104,60
4103,24.18055,0.2897194,603.196,998.104,60
4105,24.18055,0.2897194,603.196,998.104,60
4107,24.18055,0.2897192,603.196,998.104,60
4109,24.18055,0.2897192,603.196,998.104,60
4111,24.18055,0.2897194,603.196,998.104,60
4113,24.18055,0.2897194,603.196,998.104,60
4115,24.18055,0.2897194,603.196,998.104,60
4117,24.18055,0.2897171,603.1961,998.104,60
4119,24.18055,0.2897171,603.1961,998.104,60
4121,24.18055,0.2897178,603.1961,998.104,60
4123,24.18055,0.2897178,603.1961,998.104,60
4125,24.18055,0.2897178,603.1961,998.104,60
4127,24.18055,0.2897184,603.1961,998.104,60
4129,24.18055,0.2897184,603.1961,998.104,60
4131,24.18055,0.2897186,603.1961,998.104,60
4133,24.18055,0.2897186,603.1961,998.104,60
4135,24.18055,0.2897186,603.1961,998.104,60
4137,24.18055,0.2897186,603.1961,998.104,60
4139,24.18055,0.2897186,603.1961,998.104,60
4141,24.18055,0.2897187,603.1961,998.104,60
4143,24.18055,0.2897187,603.1961,998.104,60
4145,24.18055,0.2897187,603.1961,998.104,60
4147,24.18055,0.2897188,603.1961,998.104,60
4149,24.18055,0.2897188,603.1961,998.104,60
4151,24.18055,0.2897192,603.1961,998.104,60
4153,24.18055,0.2897192,603.1961,998.104,60
4155,24.18055,0.2897192,603.1961,998.104,60
4157,24.18055,0.2897192,603.1961,998.104,60
4159,24.18055,0.2897192,603.1961,998.104,60
4161,24.18055,0.289719,603.1961,998.104,60
4163,24.18055,0.289719,603.1961,998.104,60
4165,24.18055,0.289719,603.1961,998.104,60
4167,24.18055,0.289719,603.1961,998.104,60
4169,24.18055,0.289719,603.1961,998.104,60
4171,24.18055,0.289719,603.1961,998.104,60
4173,24.18055,0.289719,603.1961,998.104,60
4175,24.18055,0.289719,603.1961,998.104,60
4177,24.18055,0.2897189,603.1961,998.104,60
4179,24.18055,0.2897189,603.1961,998.104,60
4181,24.18055,0.2897193,603.1961,998.104,60
4183,24.18055,0.2897193,603.1961,998.104,60
4185,24.18055,0.2897193,603.1961,998.104,60
4187,24.18055,0.2897192,603.1961,998.104,60
4189,24.18055,0.2897192,603.1961,998.104,60
4191,24.18055,0.2897193,603.1961,998.104,60
4193,24.18055,0.2897193,603.1961,998.104,60
4195,24.18055,0.2897193,603.1961,998.104,60
4197,24.18055,0.2897193,603.1961,998.104,60
4199,24.18055,0.2897193,603.1961,998.104,60
4201,24.18055,0.2897197,603.1961,998.104,60
4203,24.18055,0.2897197,603.1961,998.104,60
4205,24.18055,0.2897197,603.1961,998.104,60
4207,24.18055,0.2897196,603.1961,998.104,60
4209,24.18055,0.2897196,603.1961,998.104,60
4211,24.18055,0.2897193,603.1961,998.104,60
4213,24.18055,0.2897193,603.1961,998.104,60
4215,24.18055,0.2897193,603.1961,998.104,60
4217,24.18055,0.2897196,603.1961,998.104,60
4219,24.18055,0.2897196,603.1961,998.104,60
4221,24.18055,0.2897182,603.1962,998.104,60
4223,24.18055,0.2897182,603.1962,998.104,60
4225,24.18055,0.2897182,603.1962,998.104,60
4227,24.18055,0.2897186,603.1962,998.104,60
4229,24.18055,0.2897186,603.1962,998.104,60
4231,24.18055,0.2897192,603.1962,998.104,60
4233,24.18055,0.2897192,603.1962,998.104,60
4235,24.18055,0.2897192,603.1962,998.104,60
4237,24.18055,0.2897199,603.1962,998.104,60
4239,24.18055,0.2897199,603.1962,998.104,60
4241,24.18055,0.2897205,603.1962,998.104,60
4243,24.18055,0.2897205,603.1962,998.104,60
4245,24.18055,0.2897205,603.1962,998.104,60
4247,24.18055,0.2897211,603.1962,998.104,60
4249,24.18055,0.2897211,603.1962,998.104,60
4251,24.18055,0.2897211,603.1962,998.104,60
4253,24.18055,0.2897211,603.1962,998.104,60
4255,24.18055,0.2897211,603.1962,998.104,60
4257,24.18055,0.2897212,603.1962,998.104,60
4259,24.18055,0.2897212,603.1962,998.104,60
4261,24.18055,0.2897209,603.1962,998.104,60
4263,24.18055,0.2897209,603.1962,998.104,60
4265,24.18055,0.2897209,603.1962,998.104,60
4267,24.18055,0.2897203,603.1962,998.104,60
4269,24.18055,0.2897203,603.1962,998.104,60
4271,24.18055,0.2897208,603.1962,998.104,60
4273,24.18055,0.2897208,603.1962,998.104,60
4275,24.18055,0.2897208,603.1962,998.104,60
4277,24.18055,0.2897207,603.1962,998.104,60
4279,24.18055,0.2897207,603.1962,998.104,60
4281,24.18055,0.2897212,603.1962,998.104,60
4283,24.18055,0.2897212,603.1962,998.104,60
4285,24.18055,0.2897212,603.1962,998.104,60
4287,24.18055,0.2897212,603.1962,998.104,60
4289,24.18055,0.2897212,603.1962,998.104,60
4291,24.18055,0.2897207,603.1962,998.104,60
4293,24.18055,0.2897207,603.1962,998.104,60
4295,24.18055,0.2897207,603.1962,998.104,60
4297,24.18055,0.2897202,603.1962,998.104,60
4299,24.18055,0.2897202,603.1962,998.104,60
4301,24.18055,0.2897203,603.1962,998.104,60
4303,24.18055,0.2897203,603.1962,998.104,60
4305,24.18055,0.2897203,603.1962,998.104,60
4307,24.18055,0.2897187,603.1962,998.104,60
4309,24.18055,0.2897187,603.1962,998.104,60
4311,24.18055,0.2897187,603.1962,998.104,60
4313,24.18055,0.289719,603.1962,998.104,60
4315,24.18055,0.289719,603.1962,998.104,60
4317,24.18055,0.2897189,603.1962,998.104,60
4319,24.18055,0.2897189,603.1962,998.104,60
4321,24.18055,0.2897189,603.1962,998.104,60
4323,24.18055,0.2896479,603.1965,998.104,60
4325,24.18055,0.2896479,603.1965,998.104,60
4327,24.18055,0.2897135,603.1965,998.104,60
4329,24.18055,0.2897135,603.1965,998.104,60
4331,24.18055,0.2897135,603.1965,998.104,60
4333,24.18055,0.2897163,603.1965,998.104,60
4335,24.18055,0.2897163,603.1965,998.104,60
4337,24.18055,0.2897178,603.1965,998.104,60
4339,24.18055,0.2897178,603.1965,998.104,60
4341,24.18055,0.2897178,603.1965,998.104,60
4343,24.18055,0.2897184,603.1965,998.104,60
4345,24.18055,0.2897184,603.1965,998.104,60
4347,24.18055,0.289719,603.1965,998.104,60
4349,24.18055,0.289719,603.1965,998.104,60
4351,24.18055,0.289719,603.1965,998.104,60
4353,24.18055,0.2897203,603.1965,998.104,60
4355,24.18055,0.2897203,603.1965,998.104,60
4357,24.18055,0.2897198,603.1965,998.104,60
4359,24.18055,0.2897198,603.1965,998.104,60
4361,24.18055,0.2897198,603.1965,998.104,60
4363,24.18055,0.2897196,603.1965,998.104,60
4365,24.18055,0.2897196,603.1965,998.104,60
4367,24.18055,0.289719,603.1965,998.104,60
4369,24.18055,0.289719,603.1965,998.104,60
4371,24.18055,0.289719,603.1965,998.104,60
4373,24.18055,0.2897188,603.1965,998.104,60
4375,24.18055,0.2897188,603.1965,998.104,60
4377,24.18055,0.2897193,603.1965,998.104,60
4379,24.18055,0.2897193,603.1965,998.104,60
4381,24.18055,0.2897193,603.1965,998.104,60
4383,24.18055,0.2897193,603.1965,998.104,60
4385,24.18055,0.2897193,603.1965,998.104,60
4387,24.18055,0.28972,603.1965,998.104,60
4389,24.18055,0.28972,603.1965,998.104,60
4391,24.18055,0.28972,603.1965,998.104,60
4393,24.18055,0.2897198,603.1965,998.104,60
4395,24.18055,0.2897198,603.1965,998.104,60
4397,24.18055,0.2897192,603.1965,998.104,60
4399,24.18055,0.2897192,603.1965,998.104,60
4401,24.18055,0.2897192,603.1965,998.104,60
4403,24.18055,0.2897187,603.1965,998.104,60
4405,24.18055,0.2897187,603.1965,998.104,60
4407,24.18055,0.2897171,603.1965,998.104,60
4409,24.18055,0.2897171,603.1965,998.104,60
4411,24.18055,0.2897171,603.1965,998.104,60
4413,24.18055,0.2896509,603.1967,998.104,60
4415,24.18055,0.2896509,603.1967,998.104,60
4417,24.18055,0.289715,603.1967,998.104,60
4419,24.18055,0.289715,603.1967,998.104,60
4421,24.18055,0.289715,603.1967,998.104,60
4423,24.18055,0.2897158,603.1967,998.104,60
4425,24.18055,0.2897158,603.1967,998.104,60
4427,24.18055,0.289717,603.1967,998.104,60
4429,24.18055,0.289717,603.1967,998.104,60
4431,24.18055,0.289717,603.1967,998.104,60
4433,24.18055,0.2897169,603.1967,998.104,60
4435,24.18055,0.2897169,603.1967,998.104,60
4437,24.18055,0.2897178,603.1967,998.104,60
4439,24.18055,0.2897178,603.1967,998.104,60
4441,24.18055,0.2897178,603.1967,998.104,60
4443,24.18055,0.2897178,603.1967,998.104,60
4445,24.18055,0.2897178,603.1967,998.104,60
4447,24.18055,0.2897183,603.1967,998.104,60
4449,24.18055,0.2897183,603.1967,998.104,60
4451,24.18055,0.2897183,603.1967,998.104,60
4453,24.18055,0.289719,603.1967,998.104,60
4455,24.18055,0.289719,603.1967,998.104,60
4457,24.18055,0.2897195,603.1967,998.104,60
4459,24.18055,0.2897195,603.1967,998.104,60
4461,24.18055,0.2897195,603.1967,998.104,60
4463,24.18055,0.2897197,603.1967,998.104,60
4465,24.18055,0.2897197,603.1967,998.104,60
4467,24.18055,0.2897204,603.1967,998.104,60
4469,24.18055,0.2897204,603.1967,998.104,60
4471,24.18055,0.2897204,603.1967,998.104,60
4473,24.18055,0.2897208,603.1967,998.104,60
4475,24.18055,0.2897208,603.1967,998.104,60
4477,24.18055,0.2897208,603.1967,998.104,60
4479,24.18055,0.2897208,603.1967,998.104,60
4481,24.18055,0.2897208,603.1967,998.104,60
4483,24.18055,0.289721,603.1967,998.104,60
4485,24.18055,0.289721,603.1967,998.104,60
4487,24.18055,0.2897208,603.1967,998.104,60
4489,24.18055,0.2897208,603.1967,998.104,60
4491,24.18055,0.2897208,603.1967,998.104,60
4493,24.18055,0.2897198,603.1967,998.104,60
4495,24.18055,0.2897198,603.1967,998.104,60
4497,24.18055,0.2897194,603.1967,998.104,60
4499,24.18055,0.2897194,603.1967,998.104,60
4501,24.18055,0.2897194,603.1967,998.104,60
4503,24.18055,0.2897192,603.1967,998.104,60
4505,24.18055,0.2897192,603.1967,998.104,60
4507,24.18055,0.2897201,603.1967,998.104,60
4509,24.18055,0.2897201,603.1967,998.104,60
4511,24.18055,0.2897201,603.1967,998.104,60
4513,24.18055,0.2897203,603.1967,998.104,60
4515,24.18055,0.2897203,603.1967,998.104,60
4517,24.18055,0.2897201,603.1967,998.104,60
4519,24.18055,0.2897201,603.1967,998.104,60
4521,24.18055,0.2897201,603.1967,998.104,60
4523,24.18055,0.2897197,603.1967,998.104,60
4525,24.18055,0.2897197,603.1967,998.104,60
4527,24.18055,0.2897205,603.1967,998.104,60
4529,24.18055,0.2897205,603.1967,998.104,60
4531,24.18055,0.2897205,603.1967,998.104,60
4533,24.18055,0.2897205,603.1967,998.104,60
4535,24.18055,0.2897205,603.1967,998.104,60
4537,24.18055,0.2897203,603.1967,998.104,60
4539,24.18055,0.2897203,603.1967,998.104,60
4541,24.18055,0.2897203,603.1967,998.104,60
4543,24.18055,0.2897207,603.1967,998.104,60
4545,24.18055,0.2897207,603.1967,998.104,60
4547,24.18055,0.2897205,603.1967,998.104,60
4549,24.18055,0.2897205,603.1967,998.104,60
4551,24.18055,0.2897205,603.1967,998.104,60
4553,24.18055,0.2897207,603.1967,998.104,60
4555,24.18055,0.2897207,603.1967,998.104,60
4557,24.18055,0.2897207,603.1967,998.104,60
4559,24.18055,0.2897209,603.1967,998.104,60
4561,24.18055,0.2897209,603.1967,998.104,60
4563,24.18055,0.2897203,603.1967,998.104,60
4565,24.18055,0.2897203,603.1967,998.104,60
4567,24.18055,0.2897203,603.1967,998.104,60
4569,24.18055,0.2897202,603.1967,998.104,60
4571,24.18055,0.2897202,603.1967,998.104,60
4573,24.18055,0.2897196,603.1967,998.104,60
4575,24.18055,0.2897196,603.1967,998.104,60
4577,24.18055,0.2897196,603.1967,998.104,60
4579,24.18055,0.2897204,603.1967,998.104,60
4581,24.18055,0.2897204,603.1967,998.104,60
4583,24.18055,0.2897201,603.1967,998.104,60
4585,24.18055,0.2897201,603.1967,998.104,60
4587,24.18055,0.2897201,603.1967,998.104,60
4589,24.18055,0.2897199,603.1967,998.104,60
4591,24.18055,0.2897199,603.1967,998.104,60
4593,24.18055,0.28972,603.1967,998.104,60
4595,24.18055,0.28972,603.1967,998.104,60
4597,24.18055,0.28972,603.1967,998.104,60
4599,24.18055,0.2897201,603.1967,998.104,60
4601,24.18055,0.2897201,603.1967,998.104,60
4603,24.18055,0.2897203,603.1967,998.104,60
4605,24.18055,0.2897203,603.1967,998.104,60
4607,24.18055,0.2897203,603.1967,998.104,60
4609,24.18055,0.2897198,603.1967,998.104,60
4611,24.18055,0.2897198,603.1967,998.104,60
4613,24.18055,0.2897202,603.1967,998.104,60
4615,24.18055,0.2897202,603.1967,998.104,60
4617,24.18055,0.2897202,603.1967,998.104,60
4619,24.18055,0.2897205,603.1967,998.104,60
4621,24.18055,0.2897205,603.1967,998.104,60
4623,24.18055,0.2897202,603.1967,998.104,60
4625,24.18055,0.2897202,603.1967,998.104,60
4627,24.18055,0.2897202,603.1967,998.104,60
4629,24.18055,0.2897202,603.1967,998.104,60
4631,24.18055,0.2897202,603.1967,998.104,60
4633,24.18055,0.2897203,603.1967,998.104,60
4635,24.18055,0.2897203,603.1967,998.104,60
4637,24.18055,0.2897203,603.1967,998.104,60
4639,24.18055,0.2897204,603.1967,998.104,60
4641,24.18055,0.2897204,603.1967,998.104,60
4643,24.18055,0.2897204,603.1967,998.104,60
4645,24.18055,0.2897204,603.1967,998.104,60
4647,24.18055,0.2897204,603.1967,998.104,60
4649,24.18055,0.2897207,603.1967,998.104,60
4651,24.18055,0.2897207,603.1967,998.104,60
4653,24.18055,0.2897205,603.1967,998.104,60
4655,24.18055,0.2897205,603.1967,998.104,60
4657,24.18055,0.2897205,603.1967,998.104,60
4659,24.18055,0.2897201,603.1967,998.104,60
4661,24.18055,0.2897201,603.1967,998.104,60
4663,24.18055,0.2897201,603.1967,998.104,60
4665,24.18055,0.2897201,603.1967,998.104,60
4667,24.18055,0.2897201,603.1967,998.104,60
4669,24.18055,0.2897205,603.1967,998.104,60
4671,24.18055,0.2897205,603.1967,998.104,60
4673,24.18055,0.2897202,603.1967,998.104,60
4675,24.18055,0.2897202,603.1967,998.104,60
4677,24.18055,0.2897202,603.1967,998.104,60
4679,24.18055,0.2897208,603.1967,998.104,60
4681,24.18055,0.2897208,603.1967,998.104,60
4683,24.18055,0.2897186,603.1967,998.104,60
4685,24.18055,0.2897186,603.1967,998.104,60
4687,24.18055,0.2897186,603.1967,998.104,60
4689,24.18055,0.2897187,603.1967,998.104,60
4691,24.18055,0.2897187,603.1967,998.104,60
4693,24.18055,0.2897194,603.1967,998.104,60
4695,24.18055,0.2897194,603.1967,998.104,60
4697,24.18055,0.2897194,603.1967,998.104,60
4699,24.18055,0.2897195,603.1967,998.104,60
4701,24.18055,0.2897195,603.1967,998.104,60
4703,24.18055,0.2897195,603.1967,998.104,60
4705,24.18055,0.2897195,603.1967,998.104,60
4707,24.18055,0.2897195,603.1967,998.104,60
4709,24.18055,0.2897196,603.1967,998.104,60
4711,24.18055,0.2897196,603.1967,998.104,60
4713,24.18055,0.2897205,603.1967,998.104,60
4715,24.18055,0.2897205,603.1967,998.104,60
4717,24.18055,0.2897205,603.1967,998.104,60
4719,24.18055,0.2897209,603.1967,998.104,60
4721,24.18055,0.2897209,603.1967,998.104,60
4723,24.18055,0.2897212,603.1967,998.104,60
4725,24.18055,0.2897212,603.1967,998.104,60
4727,24.18055,0.2897212,603.1967,998.104,60
4729,24.18055,0.2897211,603.1967,998.104,60
4731,24.18055,0.2897211,603.1967,998.104,60
4733,24.18055,0.2897218,603.1966,998.104,60
4735,24.18055,0.2897218,603.1966,998.104,60
4737,24.18055,0.2897218,603.1966,998.104,60
4739,24.18055,0.2897216,603.1966,998.104,60
4741,24.18055,0.2897216,603.1966,998.104,60
4743,24.18055,0.2897217,603.1966,998.104,60
4745,24.18055,0.2897217,603.1966,998.104,60
4747,24.18055,0.2897217,603.1966,998.104,60
4749,24.18055,0.2897219,603.1966,998.104,60
4751,24.18055,0.2897219,603.1966,998.104,60
4753,24.18055,0.2897218,603.1966,998.104,60
4755,24.18055,0.2897218,603.1966,998.104,60
4757,24.18055,0.2897218,603.1966,998.104,60
4759,24.18055,0.2897212,603.1967,998.104,60
4761,24.18055,0.2897212,603.1967,998.104,60
4763,24.18055,0.2897211,603.1967,998.104,60
4765,24.18055,0.2897211,603.1967,998.104,60
4767,24.18055,0.2897211,603.1967,998.104,60
4769,24.18055,0.2897206,603.1967,998.104,60
4771,24.18055,0.2897206,603.1967,998.104,60
4773,24.18055,0.2897205,603.1967,998.104,60
4775,24.18055,0.2897205,603.1967,998.104,60
4777,24.18055,0.2897205,603.1967,998.104,60
4779,24.18055,0.2897204,603.1967,998.104,60
4781,24.18055,0.2897204,603.1967,998.104,60
4783,24.18055,0.2897205,603.1967,998.104,60
4785,24.18055,0.2897205,603.1967,998.104,60
4787,24.18055,0.2897205,603.1967,998.104,60
4789,24.18055,0.2897207,603.1967,998.104,60
4791,24.18055,0.2897207,603.1967,998.104,60
4793,24.18055,0.2897209,603.1967,998.104,60
4795,24.18055,0.2897209,603.1967,998.104,60
4797,24.18055,0.2897209,603.1967,998.104,60
4799,24.18055,0.2897204,603.1967,998.104,60
4801,24.18055,0.2897204,603.1967,998.104,60
4803,24.18055,0.2897207,603.1967,998.104,60
4805,24.18055,0.2897207,603.1967,998.104,60
4807,24.18055,0.2897207,603.1967,998.104,60
4809,24.18055,0.2897188,603.1967,998.104,60
4811,24.18055,0.2897188,603.1967,998.104,60
4813,24.18055,0.2897188,603.1967,998.104,60
4815,24.18055,0.289719,603.1967,998.104,60
4817,24.18055,0.289719,603.1967,998.104,60
4819,24.18055,0.2897195,603.1967,998.104,60
4821,24.18055,0.2897195,603.1967,998.104,60
4823,24.18055,0.2897195,603.1967,998.104,60
4825,24.18055,0.2897197,603.1967,998.104,60
4827,24.18055,0.2897197,603.1967,998.104,60
4829,24.18055,0.28972,603.1967,998.104,60
4831,24.18055,0.28972,603.1967,998.104,60
4833,24.18055,0.28972,603.1967,998.104,60
4835,24.18055,0.28972,603.1967,998.104,60
4837,24.18055,0.28972,603.1967,998.104,60
4839,24.18055,0.2897207,603.1967,998.104,60
4841,24.18055,0.2897207,603.1967,998.104,60
4843,24.18055,0.2897207,603.1967,998.104,60
4845,24.18055,0.28972,603.1967,998.104,60
4847,24.18055,0.28972,603.1967,998.104,60
4849,24.18055,0.2897207,603.1967,998.104,60
4851,24.18055,0.2897207,603.1967,998.104,60
4853,24.18055,0.2897207,603.1967,998.104,60
4855,24.18055,0.289721,603.1967,998.104,60
4857,24.18055,0.289721,603.1967,998.104,60
4859,24.18055,0.2897213,603.1967,998.104,60
4861,24.18055,0.2897213,603.1967,998.104,60
4863,24.18055,0.2897213,603.1967,998.104,60
4865,24.18055,0.2897211,603.1967,998.104,60
4867,24.18055,0.2897211,603.1967,998.104,60
4869,24.18055,0.2897207,603.1967,998.104,60
4871,24.18055,0.2897207,603.1967,998.104,60
4873,24.18055,0.2897207,603.1967,998.104,60
4875,24.18055,0.2897208,603.1967,998.104,60
4877,24.18055,0.2897208,603.1967,998.104,60
4879,24.18055,0.2897203,603.1967,998.104,60
4881,24.18055,0.2897203,603.1967,998.104,60
4883,24.18055,0.2897203,603.1967,998.104,60
4885,24.18055,0.289721,603.1967,998.104,60
4887,24.18055,0.289721,603.1967,998.104,60
4889,24.18055,0.2897207,603.1967,998.104,60
4891,24.18055,0.2897207,603.1967,998.104,60
4893,24.18055,0.2897207,603.1967,998.104,60
4895,24.18055,0.2897216,603.1966,998.104,60
4897,24.18055,0.2897216,603.1966,998.104,60
4899,24.18055,0.2897218,603.1966,998.104,60
4901,24.18055,0.2897218,603.1966,998.104,60
4903,24.18055,0.2897218,603.1966,998.104,60
4905,24.18055,0.2897211,603.1967,998.104,60
4907,24.18055,0.2897211,603.1967,998.104,60
4909,24.18055,0.2897198,603.1967,998.104,60
4911,24.18055,0.2897198,603.1967,998.104,60
4913,24.18055,0.2897198,603.1967,998.104,60
4915,24.18055,0.2897204,603.1967,998.104,60
4917,24.18055,0.2897204,603.1967,998.104,60
4919,24.18055,0.289721,603.1967,998.104,60
4921,24.18055,0.289721,603.1967,998.104,60
4923,24.18055,0.289721,603.1967,998.104,60
4925,24.18055,0.2897213,603.1967,998.104,60
4927,24.18055,0.2897213,603.1967,998.104,60
4929,24.18055,0.2897208,603.1967,998.104,60
4931,24.18055,0.2897208,603.1967,998.104,60
4933,24.18055,0.2897208,603.1967,998.104,60
4935,24.18055,0.2897202,603.1967,998.104,60
4937,24.18055,0.2897202,603.1967,998.104,60
4939,24.18055,0.2897197,603.1967,998.104,60
4941,24.18055,0.2897197,603.1967,998.104,60
4943,24.18055,0.2897197,603.1967,998.104,60
4945,24.18055,0.2897204,603.1967,998.104,60
4947,24.18055,0.2897204,603.1967,998.104,60
4949,24.18055,0.2897208,603.1967,998.104,60
4951,24.18055,0.2897208,603.1967,998.104,60
4953,24.18055,0.2897208,603.1967,998.104,60
4955,24.18055,0.289721,603.1967,998.104,60
4957,24.18055,0.289721,603.1967,998.104,60
4959,24.18055,0.2897208,603.1967,998.104,60
4961,24.18055,0.2897208,603.1967,998.104,60
4963,24.18055,0.2897208,603.1967,998.104,60
4965,24.18055,0.2897212,603.1967,998.104,60
4967,24.18055,0.2897212,603.1967,998.104,60
4969,24.18055,0.2897213,603.1967,998.104,60
4971,24.18055,0.2897213,603.1967,998.104,60
4973,24.18055,0.2897213,603.1967,998.104,60
4975,24.18055,0.2897204,603.1967,998.104,60
4977,24.18055,0.2897204,603.1967,998.104,60
4979,24.18055,0.2897205,603.1967,998.104,60
4981,24.18055,0.2897205,603.1967,998.104,60
4983,24.18055,0.2897205,603.1967,998.104,60
4985,24.18055,0.2897202,603.1967,998.104,60
4987,24.18055,0.2897202,603.1967,998.104,60
4989,24.18055,0.2897204,603.1967,998.104,60
4991,24.18055,0.2897204,603.1967,998.104,60
4993,24.18055,0.2897204,603.1967,998.104,60
4995,24.18055,0.2897207,603.1967,998.104,60
4997,24.18055,0.2897207,603.1967,998.104,60
4999,24.18055,0.2897208,603.1967,998.104,60
5001,24.18055,0.2897208,603.1967,998.104,60
5003,24.18055,0.2897208,603.1967,998.104,60
5005,24.18055,0.2897212,603.1967,998.104,60
5007,24.18055,0.2897212,603.1967,998.104,60
5009,24.18055,0.2897207,603.1967,998.104,60
5011,24.18055,0.2897207,603.1967,998.104,60
5013,24.18055,0.2897207,603.1967,998.104,60
5015,24.18055,0.2897205,603.1967,998.104,60
5017,24.18055,0.2897205,603.1967,998.104,60
5019,24.18055,0.2897203,603.1967,998.104,60
5021,24.18055,0.2897203,603.1967,998.104,60
5023,24.18055,0.2897203,603.1967,998.104,60
5025,24.18055,0.2897208,603.1967,998.104,60
5027,24.18055,0.2897208,603.1967,998.104,60
5029,24.18055,0.2897212,603.1967,998.104,60
5031,24.18055,0.2897212,603.1967,998.104,60
5033,24.18055,0.2897212,603.1967,998.104,60
5035,24.18055,0.2897215,603.1966,998.104,60
5037,24.18055,0.2897215,603.1966,998.104,60
5039,24.18055,0.2897217,603.1966,998.104,60
5041,24.18055,0.2897217,603.1966,998.104,60
5043,24.18055,0.2897217,603.1966,998.104,60
5045,24.18055,0.2897213,603.1967,998.104,60
5047,24.18055,0.2897213,603.1967,998.104,60
5049,24.18055,0.2897207,603.1967,998.104,60
5051,24.18055,0.2897207,603.1967,998.104,60
5053,24.18055,0.2897207,603.1967,998.104,60
5055,24.18055,0.2897204,603.1967,998.104,60
5057,24.18055,0.2897204,603.1967,998.104,60
5059,24.18055,0.2897204,603.1967,998.104,60
5061,24.18055,0.2897213,603.1966,998.104,60
5063,24.18055,0.2897213,603.1966,998.104,60
5065,24.18055,0.2897209,603.1967,998.104,60
5067,24.18055,0.2897209,603.1967,998.104,60
5069,24.18055,0.2897209,603.1967,998.104,60
5071,24.18055,0.2897207,603.1967,998.104,60
5073,24.18055,0.2897207,603.1967,998.104,60
5075,24.18055,0.289721,603.1967,998.104,60
5077,24.18055,0.289721,603.1967,998.104,60
5079,24.18055,0.289721,603.1967,998.104,60
5081,24.18055,0.2897214,603.1966,998.104,60
5083,24.18055,0.2897214,603.1966,998.104,60
5085,24.18055,0.2897216,603.1966,998.104,60
5087,24.18055,0.2897216,603.1966,998.104,60
5089,24.18055,0.2897216,603.1966,998.104,60
5091,24.18055,0.2897218,603.1966,998.104,60
5093,24.18055,0.2897218,603.1966,998.104,60
5095,24.18055,0.2897209,603.1967,998.104,60
5097,24.18055,0.2897209,603.1967,998.104,60
5099,24.18055,0.2897209,603.1967,998.104,60
5101,24.18055,0.2897207,603.1967,998.104,60
5103,24.18055,0.2897207,603.1967,998.104,60
5105,24.18055,0.2897207,603.1967,998.104,60
5107,24.18055,0.2897207,603.1967,998.104,60
5109,24.18055,0.2897207,603.1967,998.104,60
5111,24.18055,0.2897208,603.1967,998.104,60
5113,24.18055,0.2897208,603.1967,998.104,60
5115,24.18055,0.289721,603.1967,998.104,60
5117,24.18055,0.289721,603.1967,998.104,60
5119,24.18055,0.289721,603.1967,998.104,60
5121,24.18055,0.2897215,603.1966,998.104,60
5123,24.18055,0.2897215,603.1966,998.104,60
5125,24.18055,0.2897212,603.1967,998.104,60
5127,24.18055,0.2897212,603.1967,998.104,60
5129,24.18055,0.2897212,603.1967,998.104,60
5131,24.18055,0.2897216,603.1966,998.104,60
5133,24.18055,0.2897216,603.1966,998.104,60
5135,24.18055,0.2897216,603.1966,998.104,60
5137,24.18055,0.2897216,603.1966,998.104,60
5139,24.18055,0.2897216,603.1966,998.104,60
5141,24.18055,0.289722,603.1966,998.104,60
5143,24.18055,0.289722,603.1966,998.104,60
5145,24.18055,0.2897216,603.1966,998.104,60
5147,24.18055,0.2897216,603.1966,998.104,60
5149,24.18055,0.2897216,603.1966,998.104,60
5151,24.18055,0.2897215,603.1966,998.104,60
5153,24.18055,0.2897215,603.1966,998.104,60
5155,24.18055,0.2897214,603.1966,998.104,60
5157,24.18055,0.2897214,603.1966,998.104,60
5159,24.18055,0.2897214,603.1966,998.104,60
5161,24.18055,0.289721,603.1967,998.104,60
5163,24.18055,0.289721,603.1967,998.104,60
5165,24.18055,0.2897203,603.1967,998.104,60
5167,24.18055,0.2897203,603.1967,998.104,60
5169,24.18055,0.2897203,603.1967,998.104,60
5171,24.18055,0.2897202,603.1967,998.104,60
5173,24.18055,0.2897202,603.1967,998.104,60
5175,24.18055,0.28972,603.1967,998.104,60
5177,24.18055,0.28972,603.1967,998.104,60
5179,24.18055,0.28972,603.1967,998.104,60
5181,24.18055,0.2897197,603.1967,998.104,60
5183,24.18055,0.2897197,603.1967,998.104,60
5185,24.18055,0.2897193,603.1967,998.104,60
5187,24.18055,0.2897193,603.1967,998.104,60
5189,24.18055,0.2897193,603.1967,998.104,60
5191,24.18055,0.289719,603.1967,998.104,60
5193,24.18055,0.289719,603.1967,998.104,60
5195,24.18055,0.2897193,603.1967,998.104,60
5197,24.18055,0.2897193,603.1967,998.104,60
5199,24.18055,0.2897193,603.1967,998.104,60
5201,24.18055,0.2897196,603.1967,998.104,60
5203,24.18055,0.2897196,603.1967,998.104,60
5205,24.18055,0.2897202,603.1967,998.104,60
5207,24.18055,0.2897202,603.1967,998.104,60
5209,24.18055,0.2897202,603.1967,998.104,60
5211,24.18055,0.2897198,603.1967,998.104,60
5213,24.18055,0.2897198,603.1967,998.104,60
5215,24.18055,0.2897194,603.1967,998.104,60
5217,24.18055,0.2897194,603.1967,998.104,60
5219,24.18055,0.2897194,603.1967,998.104,60
5221,24.18055,0.2897194,603.1967,998.104,60
5223,24.18055,0.2897194,603.1967,998.104,60
5225,24.18055,0.2897201,603.1967,998.104,60
5227,24.18055,0.2897201,603.1967,998.104,60
5229,24.18055,0.2897201,603.1967,998.104,60
5231,24.18055,0.28972,603.1967,998.104,60
5233,24.18055,0.28972,603.1967,998.104,60
5235,24.18055,0.2897197,603.1967,998.104,60
5237,24.18055,0.2897197,603.1967,998.104,60
5239,24.18055,0.2897197,603.1967,998.104,60
5241,24.18055,0.28972,603.1967,998.104,60
5243,24.18055,0.28972,603.1967,998.104,60
5245,24.18055,0.2897198,603.1967,998.104,60
5247,24.18055,0.2897198,603.1967,998.104,60
5249,24.18055,0.2897198,603.1967,998.104,60
5251,24.18055,0.2897199,603.1967,998.104,60
5253,24.18055,0.2897199,603.1967,998.104,60
5255,24.18055,0.2896489,603.1968,998.104,60
5257,24.18055,0.2896489,603.1968,998.104,60
5259,24.18055,0.2896489,603.1968,998.104,60
5261,24.18055,0.2897137,603.1968,998.104,60
5263,24.18055,0.2897137,603.1968,998.104,60
5265,24.18055,0.2897159,603.1968,998.104,60
5267,24.18055,0.2897159,603.1968,998.104,60
5269,24.18055,0.2897159,603.1968,998.104,60
5271,24.18055,0.2897181,603.1968,998.104,60
5273,24.18055,0.2897181,603.1968,998.104,60
5275,24.18055,0.2897194,603.1968,998.104,60
5277,24.18055,0.2897194,603.1968,998.104,60
5279,24.18055,0.2897194,603.1968,998.104,60
5281,24.18055,0.2897198,603.1968,998.104,60
5283,24.18055,0.2897198,603.1968,998.104,60
5285,24.18055,0.2897203,603.1968,998.104,60
5287,24.18055,0.2897203,603.1968,998.104,60
5289,24.18055,0.2897203,603.1968,998.104,60
5291,24.18055,0.2897204,603.1968,998.104,60
5293,24.18055,0.2897204,603.1968,998.104,60
5295,24.18055,0.28972,603.1968,998.104,60
5297,24.18055,0.28972,603.1968,998.104,60
5299,24.18055,0.28972,603.1968,998.104,60
5301,24.18055,0.2897205,603.1968,998.104,60
5303,24.18055,0.2897205,603.1968,998.104,60
5305,24.18055,0.2897207,603.1968,998.104,60
5307,24.18055,0.2897207,603.1968,998.104,60
5309,24.18055,0.2897207,603.1968,998.104,60
5311,24.18055,0.2897213,603.1968,998.104,60
5313,24.18055,0.2897213,603.1968,998.104,60
5315,24.18055,0.2897213,603.1968,998.104,60
5317,24.18055,0.2897211,603.1968,998.104,60
5319,24.18055,0.2897211,603.1968,998.104,60
5321,24.18055,0.2897207,603.1968,998.104,60
5323,24.18055,0.2897207,603.1968,998.104,60
5325,24.18055,0.2897207,603.1968,998.104,60
5327,24.18055,0.2897202,603.1968,998.104,60
5329,24.18055,0.2897202,603.1968,998.104,60
5331,24.18055,0.2897199,603.1968,998.104,60
5333,24.18055,0.2897199,603.1968,998.104,60
5335,24.18055,0.2897199,603.1968,998.104,60
5337,24.18055,0.2897198,603.1968,998.104,60
5339,24.18055,0.2897198,603.1968,998.104,60
5341,24.18055,0.28972,603.1968,998.104,60
5343,24.18055,0.28972,603.1968,998.104,60
5345,24.18055,0.28972,603.1968,998.104,60
5347,24.18055,0.2897198,603.1968,998.104,60
5349,24.18055,0.2897198,603.1968,998.104,60
