timestamp,temperature,distance,location_x,location_y,bpm
789,25.27764,1.338013,821.9543,995.75,30
791,25.27764,1.338013,821.9543,995.75,30
793,25.27764,1.338013,821.9543,995.75,30
795,25.27764,1.338013,821.9543,995.75,30
797,25.27764,1.338013,821.9543,995.75,30
799,25.27764,1.338013,821.9543,995.75,30
801,25.27764,1.338013,821.9543,995.75,30
803,25.27764,1.338013,821.9543,995.75,30
805,25.27764,1.338013,821.9543,995.75,30
807,25.27764,1.338013,821.9543,995.75,30
809,25.27764,1.338013,821.9543,995.75,30
811,25.27764,1.338013,821.9543,995.75,30
813,25.27764,1.338013,821.9543,995.75,30
815,25.27764,1.338013,821.9543,995.75,30
817,25.27764,1.338013,821.9543,995.75,30
819,25.27764,1.338013,821.9543,995.75,30
821,25.27764,1.338013,821.9543,995.75,30
823,25.27764,1.338013,821.9543,995.75,30
825,25.27764,1.338013,821.9543,995.75,30
827,25.27764,1.338013,821.9543,995.75,30
829,25.27764,1.338013,821.9543,995.75,30
831,25.27764,1.338013,821.9543,995.75,30
833,25.27764,1.338013,821.9543,995.75,30
835,25.27764,1.338013,821.9543,995.75,30
837,25.27764,1.338013,821.9543,995.75,30
839,25.27764,1.338013,821.9543,995.75,30
841,25.27764,1.338013,821.9543,995.75,30
843,25.27764,1.338013,821.9543,995.75,30
845,25.27764,1.338013,821.9543,995.75,30
847,25.27764,1.338013,821.9543,995.75,30
849,25.27764,1.338013,821.9543,995.75,30
851,25.27764,1.338013,821.9543,995.75,30
853,25.27764,1.338013,821.9543,995.75,30
855,25.27764,1.338013,821.9543,995.75,30
857,25.27764,1.338013,821.9543,995.75,30
859,25.27764,1.338013,821.9543,995.75,30
861,25.27764,1.338013,821.9543,995.75,30
863,25.27764,1.338013,821.9543,995.75,30
865,25.27764,1.338013,821.9543,995.75,30
867,25.27764,1.338013,821.9543,995.75,30
869,25.27764,1.338013,821.9543,995.75,30
871,25.27764,1.338013,821.9543,995.75,30
873,25.27764,1.338013,821.9543,995.75,30
875,25.27764,1.338013,821.9543,995.75,30
877,25.27764,1.338013,821.9543,995.75,30
879,25.27764,1.338014,821.9543,995.75,30
881,25.27764,1.338014,821.9543,995.75,30
883,25.27764,1.338014,821.9543,995.75,30
885,25.27764,1.338014,821.9543,995.75,30
887,25.27764,1.338014,821.9543,995.75,30
889,25.27764,1.338014,821.9543,995.75,30
891,25.27764,1.338014,821.9543,995.75,30
893,25.27764,1.338014,821.9543,995.75,30
895,25.27764,1.338014,821.9543,995.75,30
897,25.27764,1.338014,821.9543,995.75,30
899,25.27764,1.338014,821.9543,995.75,30
901,25.27764,1.338014,821.9543,995.75,30
903,25.27764,1.338014,821.9543,995.75,30
905,25.27764,1.338014,821.9543,995.75,30
907,25.27764,1.338014,821.9543,995.75,30
909,25.27764,1.338014,821.9543,995.75,30
911,25.27764,1.338014,821.9543,995.75,30
913,25.27764,1.338014,821.9543,995.75,30
915,25.27764,1.338014,821.9543,995.75,30
917,25.27764,1.338014,821.9543,995.75,30
919,25.27764,1.338014,821.9543,995.75,30
921,25.27764,1.338014,821.9543,995.75,30
923,25.27764,1.338015,821.9543,995.75,30
925,25.27764,1.338015,821.9543,995.75,30
927,25.27764,1.338015,821.9543,995.75,30
929,25.27764,1.338015,821.9543,995.75,30
931,25.27764,1.338015,821.9543,995.75,30
933,25.27764,1.338015,821.9543,995.75,30
935,25.27764,1.338015,821.9543,995.75,30
937,25.27764,1.338015,821.9543,995.75,30
939,25.27764,1.338015,821.9543,995.75,30
941,25.27764,1.338015,821.9543,995.75,30
943,25.27764,1.338016,821.9543,995.75,30
945,25.27764,1.338016,821.9543,995.75,30
947,25.27764,1.338016,821.9543,995.75,30
949,25.27764,1.338016,821.9543,995.75,30
951,25.27764,1.338016,821.9543,995.75,30
953,25.27764,1.338016,821.9543,995.75,30
955,25.27764,1.338016,821.9543,995.75,30
957,25.27764,1.338016,821.9543,995.75,30
959,25.27764,1.338017,821.9543,995.75,30
961,25.27764,1.338017,821.9543,995.75,30
963,25.27764,1.338017,821.9543,995.75,30
965,25.27764,1.338017,821.9543,995.75,30
967,25.27764,1.338017,821.9543,995.75,30
969,25.27764,1.338018,821.9543,995.75,30
971,25.27764,1.338018,821.9543,995.75,30
973,25.27764,1.338018,821.9543,995.75,30
975,25.27764,1.338018,821.9543,995.75,30
977,25.27764,1.338018,821.9543,995.75,30
979,25.27764,1.338019,821.9543,995.75,30
981,25.27764,1.338019,821.9543,995.75,30
983,25.27764,1.338019,821.9543,995.75,30
985,25.27764,1.338019,821.9543,995.75,30
987,25.27764,1.338019,821.9543,995.75,30
989,25.27764,1.33802,821.9543,995.75,30
991,25.27764,1.33802,821.9543,995.75,30
993,25.27764,1.338021,821.9543,995.75,30
995,25.27764,1.338021,821.9543,995.75,30
997,25.27764,1.338021,821.9543,995.75,30
999,25.27764,1.338021,821.9543,995.75,30
1001,25.27764,1.338021,821.9543,995.75,30
1003,25.27764,1.338022,821.9543,995.75,30
1005,25.27764,1.338022,821.9543,995.75,30
1007,25.27764,1.338022,821.9543,995.75,30
1009,25.27764,1.338023,821.9543,995.75,30
1011,25.27764,1.338023,821.9543,995.75,30
1013,25.27764,1.338024,821.9543,995.75,30
1015,25.27764,1.338024,821.9543,995.75,30
1017,25.27764,1.338024,821.9543,995.75,30
1019,25.27764,1.338025,821.9543,995.75,30
1021,25.27764,1.338025,821.9543,995.75,30
1023,25.27764,1.338027,821.9543,995.75,30
1025,25.27764,1.338027,821.9543,995.75,30
1027,25.27764,1.338027,821.9543,995.75,30
1029,25.27764,1.338028,821.9543,995.75,30
1031,25.27764,1.338028,821.9543,995.75,30
1033,25.27764,1.338029,821.9543,995.75,30
1035,25.27764,1.338029,821.9543,995.75,30
1037,25.27764,1.338029,821.9543,995.75,30
1039,25.27764,1.338031,821.9543,995.75,30
1041,25.27764,1.338031,821.9543,995.75,30
1043,25.27764,1.338031,821.9543,995.75,30
1045,25.27764,1.338033,821.9543,995.75,30
1047,25.27764,1.338033,821.9543,995.75,30
1049,25.27764,1.338035,821.9543,995.75,30
1051,25.27764,1.338035,821.9543,995.75,30
1053,25.27764,1.338035,821.9543,995.75,30
1055,25.27764,1.338037,821.9543,995.75,30
1057,25.27764,1.338037,821.9543,995.75,30
1059,25.27764,1.3381,821.9543,995.75,30
1061,25.27764,1.3381,821.9543,995.75,30
1063,25.27764,1.3381,821.9543,995.75,30
1065,25.27764,1.338102,821.9543,995.75,30
1067,25.27764,1.338102,821.9543,995.75,30
1069,25.27764,1.338105,821.9543,995.75,30
1071,25.27764,1.338105,821.9543,995.75,30
1073,25.27764,1.338105,821.9543,995.75,30
1075,25.27764,1.338108,821.9543,995.75,30
1077,25.27764,1.338108,821.9543,995.75,30
1079,25.27764,1.338111,821.9543,995.75,30
1081,25.27764,1.338111,821.9543,995.75,30
1083,25.27764,1.338111,821.9543,995.75,30
1085,25.27764,1.338114,821.9543,995.75,30
1087,25.27764,1.338114,821.9543,995.75,30
1089,25.27764,1.338118,821.9543,995.75,30
1091,25.27764,1.338118,821.9543,995.75,30
1093,25.27764,1.338118,821.9543,995.75,30
1095,25.27764,1.338122,821.9543,995.75,30
1097,25.27764,1.338122,821.9543,995.75,30
1099,25.27764,1.338066,821.9543,995.7501,30
1101,25.27764,1.338066,821.9543,995.7501,30
1103,25.27764,1.338066,821.9543,995.7501,30
1105,25.27764,1.338071,821.9543,995.7501,30
1107,25.27764,1.338071,821.9543,995.7501,30
1109,25.27764,1.338137,821.9543,995.7501,30
1111,25.27764,1.338137,821.9543,995.7501,30
1113,25.27764,1.338137,821.9543,995.7501,30
1115,25.27764,1.338143,821.9543,995.7501,30
1117,25.27764,1.338143,821.9543,995.7501,30
1119,25.27764,1.338149,821.9543,995.7501,30
1121,25.27764,1.338149,821.9543,995.7501,30
1123,25.27764,1.338149,821.9543,995.7501,30
1125,25.27764,1.338156,821.9543,995.7501,30
1127,25.27764,1.338156,821.9543,995.7501,30
1129,25.27764,1.338163,821.9543,995.7501,30
1131,25.27764,1.338163,821.9543,995.7501,30
1133,25.27764,1.338163,821.9543,995.7501,30
1135,25.27764,1.338233,821.9543,995.7501,30
1137,25.27764,1.338233,821.9543,995.7501,30
1139,25.27764,1.338241,821.9543,995.7501,30
1141,25.27764,1.338241,821.9543,995.7501,30
1143,25.27764,1.338241,821.9543,995.7501,30
1145,25.27764,1.33825,821.9543,995.7501,30
1147,25.27764,1.33825,821.9543,995.7501,30
1149,25.27764,1.33826,821.9543,995.7501,30
1151,25.27764,1.33826,821.9543,995.7501,30
1153,25.27764,1.33826,821.9543,995.7501,30
1155,25.27764,1.338271,821.9543,995.7501,30
1157,25.27764,1.338271,821.9543,995.7501,30
1159,25.27764,1.338284,821.9543,995.7501,30
1161,25.27764,1.338284,821.9543,995.7501,30
1163,25.27764,1.338284,821.9543,995.7501,30
1165,25.27764,1.338358,821.9543,995.7501,30
1167,25.27764,1.338358,821.9543,995.7501,30
1169,25.27764,1.338372,821.9543,995.7501,30
1171,25.27764,1.338372,821.9543,995.7501,30
1173,25.27764,1.338372,821.9543,995.7501,30
1175,25.27764,1.338386,821.9543,995.7501,30
1177,25.27764,1.338386,821.9543,995.7501,30
1179,25.27764,1.338402,821.9543,995.7502,30
1181,25.27764,1.338402,821.9543,995.7502,30
1183,25.27764,1.338402,821.9543,995.7502,30
1185,25.27764,1.33842,821.9543,995.7502,30
1187,25.27764,1.33842,821.9543,995.7502,30
1189,25.27764,1.338499,821.9543,995.7502,30
1191,25.27764,1.338499,821.9543,995.7502,30
1193,25.27764,1.338499,821.9543,995.7502,30
1195,25.27764,1.33858,821.9543,995.7502,30
1197,25.27764,1.33858,821.9543,995.7502,30
1199,25.27764,1.33854,821.9543,995.7502,30
1201,25.27764,1.33854,821.9543,995.7502,30
1203,25.27764,1.33854,821.9543,995.7502,30
1205,25.27764,1.338624,821.9543,995.7502,30
1207,25.27764,1.338624,821.9543,995.7502,30
1209,25.27764,1.338709,821.9543,995.7502,30
1211,25.27764,1.338709,821.9543,995.7502,30
1213,25.27764,1.338709,821.9543,995.7502,30
1215,25.27764,1.338735,821.9543,995.7502,30
1217,25.27764,1.338735,821.9543,995.7502,30
1219,25.27764,1.338763,821.9543,995.7503,30
1221,25.27764,1.338763,821.9543,995.7503,30
1223,25.27764,1.338763,821.9543,995.7503,30
1225,25.27764,1.338854,821.9543,995.7503,30
1227,25.27764,1.338854,821.9543,995.7503,30
1229,25.27764,1.338885,821.9543,995.7504,30
1231,25.27764,1.338885,821.9543,995.7504,30
1233,25.27764,1.338885,821.9543,995.7504,30
1235,25.27764,1.33898,821.9543,995.7504,30
1237,25.27764,1.33898,821.9543,995.7504,30
1239,25.27764,1.339076,821.9543,995.7504,30
1241,25.27764,1.339076,821.9543,995.7504,30
1243,25.27764,1.339076,821.9543,995.7504,30
1245,25.27764,1.339114,821.9543,995.7504,30
1247,25.27764,1.339114,821.9543,995.7504,30
1249,25.27764,1.339214,821.9543,995.7504,30
1251,25.27764,1.339214,821.9543,995.7504,30
1253,25.27764,1.339214,821.9543,995.7504,30
1255,25.27764,1.339318,821.9543,995.7505,30
1257,25.27764,1.339318,821.9543,995.7505,30
1259,25.27764,1.339364,821.9543,995.7505,30
1261,25.27764,1.339364,821.9543,995.7505,30
1263,25.27764,1.339364,821.9543,995.7505,30
1265,25.27764,1.339473,821.9543,995.7505,30
1267,25.27764,1.339473,821.9543,995.7505,30
1269,25.27764,1.339584,821.9543,995.7506,30
1271,25.27764,1.339584,821.9543,995.7506,30
1273,25.27764,1.339584,821.9543,995.7506,30
1275,25.27764,1.339636,821.9543,995.7507,30
1277,25.27764,1.339636,821.9543,995.7507,30
1279,25.27764,1.339815,821.9543,995.7507,30
1281,25.27764,1.339815,821.9543,995.7507,30
1283,25.27764,1.339815,821.9543,995.7507,30
1285,25.27764,1.339934,821.9543,995.7507,30
1287,25.27764,1.339934,821.9543,995.7507,30
1289,25.27764,1.339934,821.9543,995.7507,30
1291,25.27764,1.339995,821.9543,995.7508,30
1293,25.27764,1.339995,821.9543,995.7508,30
1295,25.27764,1.340121,821.9543,995.7509,30
1297,25.27764,1.340121,821.9543,995.7509,30
1299,25.27764,1.340121,821.9543,995.7509,30
1301,25.27764,1.34031,821.9543,995.7509,30
1303,25.27764,1.34031,821.9543,995.7509,30
1305,25.27764,1.340441,821.9543,995.7509,30
1307,25.27764,1.340441,821.9543,995.7509,30
1309,25.27764,1.340441,821.9543,995.7509,30
1311,25.27764,1.340637,821.9543,995.751,30
1313,25.27764,1.340637,821.9543,995.751,30
1315,25.27764,1.340775,821.9543,995.751,30
1317,25.27764,1.340775,821.9543,995.751,30
1319,25.27764,1.340775,821.9543,995.751,30
1321,25.27764,1.340917,821.9543,995.7511,30
1323,25.27764,1.340917,821.9543,995.7511,30
1325,25.27764,1.341122,821.9543,995.7512,30
1327,25.27764,1.341122,821.9543,995.7512,30
1329,25.27764,1.341122,821.9543,995.7512,30
1331,25.27764,1.34121,821.9543,995.7513,30
1333,25.27764,1.34121,821.9543,995.7513,30
1335,25.27764,1.341424,821.9543,995.7513,30
1337,25.27764,1.341424,821.9543,995.7513,30
1339,25.27764,1.341424,821.9543,995.7513,30
1341,25.27764,1.341641,821.9543,995.7514,30
1343,25.27764,1.341641,821.9543,995.7514,30
1345,25.27764,1.341863,821.9543,995.7515,30
1347,25.27764,1.341863,821.9543,995.7515,30
1349,25.27764,1.341863,821.9543,995.7515,30
1351,25.27764,1.342028,821.9543,995.7516,30
1353,25.27764,1.342028,821.9543,995.7516,30
1355,25.27763,1.342254,821.9543,995.7516,30
1357,25.27763,1.342254,821.9543,995.7516,30
1359,25.27763,1.342254,821.9543,995.7516,30
1361,25.27763,1.342488,821.9543,995.7517,30
1363,25.27763,1.342488,821.9543,995.7517,30
1365,25.27763,1.342665,821.9543,995.7518,30
1367,25.27763,1.342665,821.9543,995.7518,30
1369,25.27763,1.342665,821.9543,995.7518,30
1371,25.27763,1.34297,821.9543,995.7519,30
1373,25.27763,1.34297,821.9543,995.7519,30
1375,25.27763,1.343149,821.9543,995.752,30
1377,25.27763,1.343149,821.9543,995.752,30
1379,25.27763,1.343149,821.9543,995.752,30
1381,25.27763,1.343402,821.9543,995.7521,30
1383,25.27763,1.343402,821.9543,995.7521,30
1385,25.27763,1.343722,821.9543,995.7522,30
1387,25.27763,1.343722,821.9543,995.7522,30
1389,25.27763,1.343722,821.9543,995.7522,30
1391,25.27763,1.343986,821.9543,995.7523,30
1393,25.27763,1.343986,821.9543,995.7523,30
1395,25.27763,1.344318,821.9543,995.7524,30
1397,25.27763,1.344318,821.9543,995.7524,30
1399,25.27763,1.344318,821.9543,995.7524,30
1401,25.27763,1.344594,821.9543,995.7526,30
1403,25.27763,1.344594,821.9543,995.7526,30
1405,25.27763,1.344936,821.9543,995.7527,30
1407,25.27763,1.344936,821.9543,995.7527,30
1409,25.27763,1.344936,821.9543,995.7527,30
1411,25.27763,1.345286,821.9543,995.7528,30
1413,25.27763,1.345286,821.9543,995.7528,30
1415,25.27763,1.345641,821.9543,995.7529,30
1417,25.27763,1.345641,821.9543,995.7529,30
1419,25.27763,1.345641,821.9543,995.7529,30
1421,25.27763,1.345944,821.9543,995.7531,30
1423,25.27763,1.345944,821.9543,995.7531,30
1425,25.27763,1.346377,821.9543,995.7532,30
1427,25.27763,1.346377,821.9543,995.7532,30
1429,25.27763,1.346377,821.9543,995.7532,30
1431,25.27763,1.346755,821.9543,995.7534,30
1433,25.27763,1.346755,821.9543,995.7534,30
1435,25.27762,1.347144,821.9543,995.7535,30
1437,25.27762,1.347144,821.9543,995.7535,30
1439,25.27762,1.347144,821.9543,995.7535,30
1441,25.27762,1.347602,821.9543,995.7537,30
1443,25.27762,1.347602,821.9543,995.7537,30
1445,25.27763,1.348008,821.9543,995.7539,30
1447,25.27763,1.348008,821.9543,995.7539,30
1449,25.27763,1.348008,821.9543,995.7539,30
1451,25.27762,1.348485,821.9543,995.7541,30
1453,25.27762,1.348485,821.9543,995.7541,30
1455,25.27762,1.348971,821.9543,995.7543,30
1457,25.27762,1.348971,821.9543,995.7543,30
1459,25.27762,1.348971,821.9543,995.7543,30
1461,25.27762,1.349468,821.9543,995.7545,30
1463,25.27762,1.349468,821.9543,995.7545,30
1465,25.27762,1.35004,821.9543,995.7546,30
1467,25.27762,1.35004,821.9543,995.7546,30
1469,25.27762,1.35004,821.9543,995.7546,30
1471,25.27762,1.35056,821.9543,995.7549,30
1473,25.27762,1.35056,821.9543,995.7549,30
1475,25.27762,1.351156,821.9543,995.7551,30
1477,25.27762,1.351156,821.9543,995.7551,30
1479,25.27762,1.351156,821.9543,995.7551,30
1481,25.27762,1.351766,821.9543,995.7553,30
1483,25.27762,1.351766,821.9543,995.7553,30
1485,25.27761,1.352386,821.9526,995.7556,30
1487,25.27761,1.352386,821.9526,995.7556,30
1489,25.27761,1.352386,821.9526,995.7556,30
1491,25.27758,1.353081,821.9451,995.7558,30
1493,25.27758,1.353081,821.9451,995.7558,30
1495,25.27752,1.353733,821.9321,995.7561,30
1497,25.27752,1.353733,821.9321,995.7561,30
1499,25.27752,1.353733,821.9321,995.7561,30
1501,25.27748,1.354441,821.9242,995.7563,30
1503,25.27748,1.354441,821.9242,995.7563,30
1505,25.27748,1.354979,821.9242,995.7566,30
1507,25.27748,1.354979,821.9242,995.7566,30
1509,25.27748,1.354979,821.9242,995.7566,30
1511,25.27748,1.355542,821.9242,995.7568,30
1513,25.27748,1.355542,821.9242,995.7568,30
1515,25.27748,1.355954,821.9242,995.757,30
1517,25.27748,1.355954,821.9242,995.757,30
1519,25.27748,1.355954,821.9242,995.757,30
1521,25.27748,1.356425,821.9242,995.7571,30
1523,25.27748,1.356425,821.9242,995.7571,30
1525,25.27748,1.356899,821.9242,995.7573,30
1527,25.27748,1.356899,821.9242,995.7573,30
1529,25.27748,1.356899,821.9242,995.7573,30
1531,25.27748,1.357374,821.9242,995.7574,30
1533,25.27748,1.357374,821.9242,995.7574,30
1535,25.27748,1.357853,821.9242,995.7576,30
1537,25.27748,1.357853,821.9242,995.7576,30
1539,25.27748,1.357853,821.9242,995.7576,30
1541,25.27748,1.358336,821.9242,995.7578,30
1543,25.27748,1.358336,821.9242,995.7578,30
1545,25.27748,1.358336,821.9242,995.7578,30
1547,25.27748,1.35876,821.9242,995.758,30
1549,25.27748,1.35876,821.9242,995.758,30
1551,25.27748,1.359249,821.9242,995.7582,30
1553,25.27748,1.359249,821.9242,995.7582,30
1555,25.27748,1.359249,821.9242,995.7582,30
1557,25.27748,1.359804,821.9242,995.7584,30
1559,25.27748,1.359804,821.9242,995.7584,30
1561,25.27747,1.360298,821.9242,995.7585,30
1563,25.27747,1.360298,821.9242,995.7585,30
1565,25.27747,1.360298,821.9242,995.7585,30
1567,25.27748,1.360737,821.9242,995.7588,30
1569,25.27748,1.360737,821.9242,995.7588,30
1571,25.27747,1.361229,821.9242,995.759,30
1573,25.27747,1.361229,821.9242,995.759,30
1575,25.27747,1.361229,821.9242,995.759,30
1577,25.27747,1.361717,821.9242,995.7592,30
1579,25.27747,1.361717,821.9242,995.7592,30
1581,25.27747,1.362197,821.9242,995.7593,30
1583,25.27747,1.362197,821.9242,995.7593,30
1585,25.27747,1.362197,821.9242,995.7593,30
1587,25.27747,1.362611,821.9242,995.7595,30
1589,25.27747,1.362611,821.9242,995.7595,30
1591,25.27747,1.36314,821.9242,995.7596,30
1593,25.27747,1.36314,821.9242,995.7596,30
1595,25.27747,1.36314,821.9242,995.7596,30
1597,25.27747,1.363539,821.9242,995.7598,30
1599,25.27747,1.363539,821.9242,995.7598,30
1601,25.27747,1.363931,821.9242,995.76,30
1603,25.27747,1.363931,821.9242,995.76,30
1605,25.27747,1.363931,821.9242,995.76,30
1607,25.27747,1.364382,821.9242,995.7601,30
1609,25.27747,1.364382,821.9242,995.7601,30
1611,25.27747,1.364703,821.9242,995.7603,30
1613,25.27747,1.364703,821.9242,995.7603,30
1615,25.27747,1.364703,821.9242,995.7603,30
1617,25.27747,1.365143,821.9242,995.7604,30
1619,25.27747,1.365143,821.9242,995.7604,30
1621,25.27747,1.365512,821.9242,995.7606,30
1623,25.27747,1.365512,821.9242,995.7606,30
1625,25.27747,1.365512,821.9242,995.7606,30
1627,25.27747,1.365816,821.9242,995.7607,30
1629,25.27747,1.365816,821.9242,995.7607,30
1631,25.27746,1.366176,821.9242,995.7609,30
1633,25.27746,1.366176,821.9242,995.7609,30
1635,25.27746,1.366176,821.9242,995.7609,30
1637,25.27746,1.366512,821.9242,995.761,30
1639,25.27746,1.366512,821.9242,995.761,30
1641,25.27747,1.366841,821.9242,995.761,30
1643,25.27747,1.366841,821.9242,995.761,30
1645,25.27747,1.366841,821.9242,995.761,30
1647,25.27746,1.367105,821.9242,995.7612,30
1649,25.27746,1.367105,821.9242,995.7612,30
1651,25.27746,1.367363,821.9242,995.7613,30
1653,25.27746,1.367363,821.9242,995.7613,30
1655,25.27746,1.367363,821.9242,995.7613,30
1657,25.27746,1.367614,821.9242,995.7614,30
1659,25.27746,1.367614,821.9242,995.7614,30
1661,25.27746,1.367864,821.9242,995.7615,30
1663,25.27746,1.367864,821.9242,995.7615,30
1665,25.27746,1.367864,821.9242,995.7615,30
1667,25.27746,1.368105,821.9242,995.7615,30
1669,25.27746,1.368105,821.9242,995.7615,30
1671,25.27746,1.368349,821.9242,995.7617,30
1673,25.27746,1.368349,821.9242,995.7617,30
1675,25.27746,1.368349,821.9242,995.7617,30
1677,25.27746,1.368534,821.9242,995.7618,30
1679,25.27746,1.368534,821.9242,995.7618,30
1681,25.27746,1.368851,821.9242,995.7618,30
1683,25.27746,1.368851,821.9242,995.7618,30
1685,25.27746,1.368851,821.9242,995.7618,30
1687,25.27746,1.369033,821.9242,995.762,30
1689,25.27746,1.369033,821.9242,995.762,30
1691,25.27746,1.369339,821.9242,995.762,30
1693,25.27746,1.369339,821.9242,995.762,30
1695,25.27746,1.369339,821.9242,995.762,30
1697,25.27746,1.36951,821.9242,995.7621,30
1699,25.27746,1.36951,821.9242,995.7621,30
1701,25.27746,1.369748,821.9242,995.7622,30
1703,25.27746,1.369748,821.9242,995.7622,30
1705,25.27746,1.369748,821.9242,995.7622,30
1707,25.27746,1.369977,821.9242,995.7623,30
1709,25.27746,1.369977,821.9242,995.7623,30
1711,25.27746,1.3702,821.9242,995.7623,30
1713,25.27746,1.3702,821.9242,995.7623,30
1715,25.27746,1.3702,821.9242,995.7623,30
1717,25.27746,1.370363,821.9242,995.7625,30
1719,25.27746,1.370363,821.9242,995.7625,30
1721,25.27746,1.370582,821.9242,995.7625,30
1723,25.27746,1.370582,821.9242,995.7625,30
1725,25.27746,1.370582,821.9242,995.7625,30
1727,25.27746,1.370733,821.9242,995.7626,30
1729,25.27746,1.370733,821.9242,995.7626,30
1731,25.27746,1.370941,821.9242,995.7626,30
1733,25.27746,1.370941,821.9242,995.7626,30
1735,25.27746,1.370941,821.9242,995.7626,30
1737,25.27746,1.371082,821.9242,995.7627,30
1739,25.27746,1.371082,821.9242,995.7627,30
1741,25.27746,1.371218,821.9242,995.7628,30
1743,25.27746,1.371218,821.9242,995.7628,30
1745,25.27746,1.371218,821.9242,995.7628,30
1747,25.27745,1.371351,821.9242,995.7628,30
1749,25.27745,1.371351,821.9242,995.7628,30
1751,25.27746,1.371481,821.9242,995.7629,30
1753,25.27746,1.371481,821.9242,995.7629,30
1755,25.27746,1.371481,821.9242,995.7629,30
1757,25.27745,1.371607,821.9242,995.7629,30
1759,25.27745,1.371607,821.9242,995.7629,30
1761,25.27745,1.371797,821.9242,995.7629,30
1763,25.27745,1.371797,821.9242,995.7629,30
1765,25.27745,1.371797,821.9242,995.7629,30
1767,25.27746,1.371922,821.9242,995.763,30
1769,25.27746,1.371922,821.9242,995.763,30
1771,25.27745,1.371981,821.9242,995.7631,30
1773,25.27745,1.371981,821.9242,995.7631,30
1775,25.27745,1.371981,821.9242,995.7631,30
1777,25.27745,1.372097,821.9242,995.7631,30
1779,25.27745,1.372097,821.9242,995.7631,30
1781,25.27745,1.372217,821.9242,995.7631,30
1783,25.27745,1.372217,821.9242,995.7631,30
1785,25.27745,1.372217,821.9242,995.7631,30
1787,25.27745,1.372332,821.9242,995.7632,30
1789,25.27745,1.372332,821.9242,995.7632,30
1791,25.27745,1.372332,821.9242,995.7632,30
1793,25.27745,1.372441,821.9242,995.7632,30
1795,25.27745,1.372441,821.9242,995.7632,30
1797,25.27745,1.372555,821.9242,995.7632,30
1799,25.27745,1.372555,821.9242,995.7632,30
1801,25.27745,1.372555,821.9242,995.7632,30
1803,25.27745,1.372599,821.9242,995.7633,30
1805,25.27745,1.372599,821.9242,995.7633,30
1807,25.27745,1.372707,821.9242,995.7633,30
1809,25.27745,1.372707,821.9242,995.7633,30
1811,25.27745,1.372707,821.9242,995.7633,30
1813,25.27745,1.372812,821.9242,995.7634,30
1815,25.27745,1.372812,821.9242,995.7634,30
1817,25.27745,1.372916,821.9242,995.7634,30
1819,25.27745,1.372916,821.9242,995.7634,30
1821,25.27745,1.372916,821.9242,995.7634,30
1823,25.27745,1.372957,821.9242,995.7634,30
1825,25.27745,1.372957,821.9242,995.7634,30
1827,25.27745,1.373057,821.9242,995.7634,30
1829,25.27745,1.373057,821.9242,995.7634,30
1831,25.27745,1.373057,821.9242,995.7634,30
1833,25.27745,1.373098,821.9242,995.7635,30
1835,25.27745,1.373098,821.9242,995.7635,30
1837,25.27745,1.373197,821.9242,995.7635,30
1839,25.27745,1.373197,821.9242,995.7635,30
1841,25.27745,1.373197,821.9242,995.7635,30
1843,25.27745,1.373236,821.9242,995.7635,30
1845,25.27745,1.373236,821.9242,995.7635,30
1847,25.27745,1.373334,821.9242,995.7635,30
1849,25.27745,1.373334,821.9242,995.7635,30
1851,25.27745,1.373334,821.9242,995.7635,30
1853,25.27745,1.37337,821.9242,995.7636,30
1855,25.27745,1.37337,821.9242,995.7636,30
1857,25.27745,1.373469,821.9242,995.7636,30
1859,25.27745,1.373469,821.9242,995.7636,30
1861,25.27745,1.373469,821.9242,995.7636,30
1863,25.27745,1.373564,821.9242,995.7636,30
1865,25.27745,1.373564,821.9242,995.7636,30
1867,25.27745,1.3736,821.9242,995.7637,30
1869,25.27745,1.3736,821.9242,995.7637,30
1871,25.27745,1.3736,821.9242,995.7637,30
1873,25.27745,1.373694,821.9242,995.7637,30
1875,25.27745,1.373694,821.9242,995.7637,30
1877,25.27745,1.373724,821.9242,995.7637,30
1879,25.27745,1.373724,821.9242,995.7637,30
1881,25.27745,1.373724,821.9242,995.7637,30
1883,25.27745,1.373821,821.9242,995.7637,30
1885,25.27745,1.373821,821.9242,995.7637,30
1887,25.27745,1.373909,821.9242,995.7637,30
1889,25.27745,1.373909,821.9242,995.7637,30
1891,25.27745,1.373909,821.9242,995.7637,30
1893,25.27745,1.373941,821.9242,995.7638,30
1895,25.27745,1.373941,821.9242,995.7638,30
1897,25.27745,1.374032,821.9242,995.7638,30
1899,25.27745,1.374032,821.9242,995.7638,30
1901,25.27745,1.374032,821.9242,995.7638,30
1903,25.27745,1.374053,821.9242,995.7638,30
1905,25.27745,1.374053,821.9242,995.7638,30
1907,25.27745,1.374084,821.9242,995.7639,30
1909,25.27745,1.374084,821.9242,995.7639,30
1911,25.27745,1.374084,821.9242,995.7639,30
1913,25.27745,1.374172,821.9242,995.7639,30
1915,25.27745,1.374172,821.9242,995.7639,30
1917,25.27745,1.374194,821.9242,995.7639,30
1919,25.27745,1.374194,821.9242,995.7639,30
1921,25.27745,1.374194,821.9242,995.7639,30
1923,25.27745,1.374223,821.9242,995.7639,30
1925,25.27745,1.374223,821.9242,995.7639,30
1927,25.27745,1.37431,821.9242,995.7639,30
1929,25.27745,1.37431,821.9242,995.7639,30
1931,25.27745,1.37431,821.9242,995.7639,30
1933,25.27745,1.37439,821.9242,995.7639,30
1935,25.27745,1.37439,821.9242,995.7639,30
1937,25.27745,1.374396,821.9242,995.7639,30
1939,25.27745,1.374396,821.9242,995.7639,30
1941,25.27745,1.374396,821.9242,995.7639,30
1943,25.27745,1.374403,821.9242,995.7639,30
1945,25.27745,1.374403,821.9242,995.7639,30
1947,25.27745,1.37443,821.9242,995.764,30
1949,25.27745,1.37443,821.9242,995.764,30
1951,25.27745,1.37443,821.9242,995.764,30
1953,25.27745,1.374453,821.9242,995.764,30
1955,25.27745,1.374453,821.9242,995.764,30
1957,25.27745,1.374535,821.9242,995.764,30
1959,25.27745,1.374535,821.9242,995.764,30
1961,25.27745,1.374535,821.9242,995.764,30
1963,25.27745,1.374557,821.9242,995.764,30
1965,25.27745,1.374557,821.9242,995.764,30
1967,25.27745,1.374581,821.9242,995.764,30
1969,25.27745,1.374581,821.9242,995.764,30
1971,25.27745,1.374581,821.9242,995.764,30
1973,25.27745,1.374663,821.9242,995.764,30
1975,25.27745,1.374663,821.9242,995.764,30
1977,25.27745,1.374673,821.9242,995.764,30
1979,25.27745,1.374673,821.9242,995.764,30
1981,25.27745,1.374673,821.9242,995.764,30
1983,25.27745,1.374689,821.9242,995.764,30
1985,25.27745,1.374689,821.9242,995.764,30
1987,25.27745,1.374713,821.9242,995.7641,30
1989,25.27745,1.374713,821.9242,995.7641,30
1991,25.27745,1.374713,821.9242,995.7641,30
1993,25.27745,1.374791,821.9242,995.7641,30
1995,25.27745,1.374791,821.9242,995.7641,30
1997,25.27745,1.374812,821.9242,995.7641,30
1999,25.27745,1.374812,821.9242,995.7641,30
2001,25.27745,1.374812,821.9242,995.7641,30
2003,25.27745,1.374885,821.9242,995.7641,30
2005,25.27745,1.374885,821.9242,995.7641,30
2007,25.27745,1.374885,821.9242,995.7641,30
2009,25.27745,1.374885,821.9242,995.7641,30
2011,25.27745,1.374885,821.9242,995.7641,30
2013,25.27745,1.374885,821.9242,995.7641,30
2015,25.27745,1.374885,821.9242,995.7641,30
2017,25.27745,1.374885,821.9242,995.7641,30
2019,25.27745,1.374885,821.9242,995.7641,30
2021,25.27745,1.374885,821.9242,995.7641,30
2023,25.27745,1.374885,821.9242,995.7641,30
2025,25.27745,1.374885,821.9242,995.7641,30
2027,25.27745,1.374885,821.9242,995.7641,30
2029,25.27745,1.374885,821.9242,995.7641,30
2031,25.27745,1.374885,821.9242,995.7641,30
2033,25.27745,1.374885,821.9242,995.7641,30
2035,25.27745,1.374885,821.9242,995.7641,30
2037,25.27745,1.374885,821.9242,995.7641,30
2039,25.27745,1.374885,821.9242,995.7641,30
2041,25.27745,1.374885,821.9242,995.7641,30
2043,25.27745,1.374885,821.9242,995.7641,30
2045,25.27745,1.374885,821.9242,995.7641,30
2047,25.27745,1.374885,821.9242,995.7641,30
2049,25.27745,1.374885,821.9242,995.7641,30
2051,25.27745,1.374885,821.9242,995.7641,30
2053,25.27745,1.374885,821.9242,995.7641,30
2055,25.27745,1.374885,821.9242,995.7641,30
2057,25.27745,1.374885,821.9242,995.7641,30
2059,25.27745,1.374885,821.9242,995.7641,30
2061,25.27745,1.374885,821.9242,995.7641,30
2063,25.27745,1.374884,821.9242,995.7641,30
2065,25.27745,1.374884,821.9242,995.7641,30
2067,25.27745,1.374884,821.9242,995.7641,30
2069,25.27745,1.374885,821.9242,995.7641,30
2071,25.27745,1.374885,821.9242,995.7641,30
2073,25.27745,1.374885,821.9242,995.7641,30
2075,25.27745,1.374885,821.9242,995.7641,30
2077,25.27745,1.374885,821.9242,995.7641,30
2079,25.27745,1.374885,821.9242,995.7641,30
2081,25.27745,1.374885,821.9242,995.7641,30
2083,25.27745,1.374885,821.9242,995.7641,30
2085,25.27745,1.374885,821.9242,995.7641,30
2087,25.27745,1.374885,821.9242,995.7641,30
2089,25.27745,1.374885,821.9242,995.7641,30
2091,25.27745,1.374885,821.9242,995.7641,30
2093,25.27745,1.374885,821.9242,995.7641,30
2095,25.27745,1.374885,821.9242,995.7641,30
2097,25.27745,1.374885,821.9242,995.7641,30
2099,25.27745,1.374834,821.9242,995.7642,30
2101,25.27745,1.374834,821.9242,995.7642,30
2103,25.27745,1.374854,821.9242,995.7642,30
2105,25.27745,1.374854,821.9242,995.7642,30
2107,25.27745,1.374854,821.9242,995.7642,30
2109,25.27745,1.374931,821.9242,995.7642,30
2111,25.27745,1.374931,821.9242,995.7642,30
2113,25.27745,1.37494,821.9242,995.7642,30
2115,25.27745,1.37494,821.9242,995.7642,30
2117,25.27745,1.37494,821.9242,995.7642,30
2119,25.27745,1.375018,821.9242,995.7642,30
2121,25.27745,1.375018,821.9242,995.7642,30
2123,25.27745,1.375031,821.9242,995.7642,30
2125,25.27745,1.375031,821.9242,995.7642,30
2127,25.27745,1.375031,821.9242,995.7642,30
2129,25.27745,1.374977,821.9242,995.7642,30
2131,25.27745,1.374977,821.9242,995.7642,30
2133,25.27745,1.375057,821.9242,995.7642,30
2135,25.27745,1.375057,821.9242,995.7642,30
2137,25.27745,1.375057,821.9242,995.7642,30
2139,25.27745,1.375071,821.9242,995.7642,30
2141,25.27745,1.375071,821.9242,995.7642,30
2143,25.27745,1.375083,821.9242,995.7642,30
2145,25.27745,1.375083,821.9242,995.7642,30
2147,25.27745,1.375083,821.9242,995.7642,30
2149,25.27745,1.375155,821.9242,995.7642,30
2151,25.27745,1.375155,821.9242,995.7642,30
2153,25.27745,1.375155,821.9242,995.7642,30
2155,25.27745,1.375155,821.9242,995.7642,30
2157,25.27745,1.375155,821.9242,995.7642,30
2159,25.27745,1.375155,821.9242,995.7642,30
2161,25.27745,1.375155,821.9242,995.7642,30
2163,25.27745,1.375155,821.9242,995.7642,30
2165,25.27745,1.375155,821.9242,995.7642,30
2167,25.27745,1.375155,821.9242,995.7642,30
2169,25.27745,1.375155,821.9242,995.7642,30
2171,25.27745,1.375155,821.9242,995.7642,30
2173,25.27745,1.375155,821.9242,995.7642,30
2175,25.27745,1.375155,821.9242,995.7642,30
2177,25.27745,1.375155,821.9242,995.7642,30
2179,25.27745,1.375162,821.9242,995.7642,30
2181,25.27745,1.375162,821.9242,995.7642,30
2183,25.27745,1.375168,821.9242,995.7642,30
2185,25.27745,1.375168,821.9242,995.7642,30
2187,25.27745,1.375168,821.9242,995.7642,30
2189,25.27745,1.375175,821.9242,995.7642,30
2191,25.27745,1.375175,821.9242,995.7642,30
2193,25.27745,1.375179,821.9242,995.7642,30
2195,25.27745,1.375179,821.9242,995.7642,30
2197,25.27745,1.375179,821.9242,995.7642,30
2199,25.27745,1.375191,821.9242,995.7643,30
2201,25.27745,1.375191,821.9242,995.7643,30
2203,25.27745,1.375204,821.9242,995.7643,30
2205,25.27745,1.375204,821.9242,995.7643,30
2207,25.27745,1.375204,821.9242,995.7643,30
2209,25.27745,1.375206,821.9242,995.7643,30
2211,25.27745,1.375206,821.9242,995.7643,30
2213,25.27745,1.375286,821.9242,995.7643,30
2215,25.27745,1.375286,821.9242,995.7643,30
2217,25.27745,1.375286,821.9242,995.7643,30
2219,25.27745,1.375296,821.9242,995.7643,30
2221,25.27745,1.375296,821.9242,995.7643,30
2223,25.27745,1.375304,821.9242,995.7643,30
2225,25.27745,1.375304,821.9242,995.7643,30
2227,25.27745,1.375304,821.9242,995.7643,30
2229,25.27745,1.375309,821.9242,995.7643,30
2231,25.27745,1.375309,821.9242,995.7643,30
2233,25.27745,1.375314,821.9242,995.7643,30
2235,25.27745,1.375314,821.9242,995.7643,30
2237,25.27745,1.375314,821.9242,995.7643,30
2239,25.27745,1.375314,821.9242,995.7643,30
2241,25.27745,1.375314,821.9242,995.7643,30
2243,25.27745,1.375314,821.9242,995.7643,30
2245,25.27745,1.375314,821.9242,995.7643,30
2247,25.27745,1.375314,821.9242,995.7643,30
2249,25.27745,1.375315,821.9242,995.7643,30
2251,25.27745,1.375315,821.9242,995.7643,30
2253,25.27745,1.37538,821.9242,995.7643,30
2255,25.27745,1.37538,821.9242,995.7643,30
2257,25.27745,1.37538,821.9242,995.7643,30
2259,25.27745,1.375383,821.9242,995.7643,30
2261,25.27745,1.375383,821.9242,995.7643,30
2263,25.27745,1.375383,821.9242,995.7643,30
2265,25.27745,1.375383,821.9242,995.7643,30
2267,25.27745,1.375383,821.9242,995.7643,30
2269,25.27745,1.375384,821.9242,995.7643,30
2271,25.27745,1.375384,821.9242,995.7643,30
2273,25.27745,1.375384,821.9242,995.7643,30
2275,25.27745,1.375384,821.9242,995.7643,30
2277,25.27745,1.375384,821.9242,995.7643,30
2279,25.27745,1.37533,821.9242,995.7643,30
2281,25.27745,1.37533,821.9242,995.7643,30
2283,25.27745,1.375343,821.9242,995.7643,30
2285,25.27745,1.375343,821.9242,995.7643,30
2287,25.27745,1.375343,821.9242,995.7643,30
2289,25.27745,1.375421,821.9242,995.7643,30
2291,25.27745,1.375421,821.9242,995.7643,30
2293,25.27745,1.375425,821.9242,995.7643,30
2295,25.27745,1.375425,821.9242,995.7643,30
2297,25.27745,1.375425,821.9242,995.7643,30
2299,25.27745,1.375425,821.9242,995.7643,30
2301,25.27745,1.375425,821.9242,995.7643,30
2303,25.27745,1.375425,821.9242,995.7643,30
2305,25.27745,1.375425,821.9242,995.7643,30
2307,25.27745,1.375425,821.9242,995.7643,30
2309,25.27745,1.375425,821.9242,995.7643,30
2311,25.27745,1.375425,821.9242,995.7643,30
2313,25.27745,1.375425,821.9242,995.7643,30
2315,25.27745,1.375425,821.9242,995.7643,30
2317,25.27745,1.375425,821.9242,995.7643,30
2319,25.27745,1.375425,821.9242,995.7643,30
2321,25.27745,1.375425,821.9242,995.7643,30
2323,25.27745,1.375425,821.9242,995.7643,30
2325,25.27745,1.375425,821.9242,995.7643,30
2327,25.27745,1.375425,821.9242,995.7643,30
2329,25.27745,1.375425,821.9242,995.7643,30
2331,25.27745,1.375425,821.9242,995.7643,30
2333,25.27745,1.375425,821.9242,995.7643,30
2335,25.27745,1.375425,821.9242,995.7643,30
2337,25.27745,1.375425,821.9242,995.7643,30
2339,25.27745,1.375425,821.9242,995.7643,30
2341,25.27745,1.375425,821.9242,995.7643,30
2343,25.27745,1.375425,821.9242,995.7643,30
2345,25.27745,1.375425,821.9242,995.7643,30
2347,25.27745,1.375425,821.9242,995.7643,30
2349,25.27745,1.375425,821.9242,995.7643,30
2351,25.27745,1.375425,821.9242,995.7643,30
2353,25.27745,1.375425,821.9242,995.7643,30
2355,25.27745,1.375425,821.9242,995.7643,30
2357,25.27745,1.375425,821.9242,995.7643,30
2359,25.27745,1.375425,821.9242,995.7643,30
2361,25.27745,1.375425,821.9242,995.7643,30
2363,25.27745,1.375425,821.9242,995.7643,30
2365,25.27745,1.375425,821.9242,995.7643,30
2367,25.27745,1.375425,821.9242,995.7643,30
2369,25.27745,1.375425,821.9242,995.7643,30
2371,25.27745,1.375425,821.9242,995.7643,30
2373,25.27745,1.375425,821.9242,995.7643,30
2375,25.27745,1.375425,821.9242,995.7643,30
2377,25.27745,1.375425,821.9242,995.7643,30
2379,25.27745,1.375425,821.9242,995.7643,30
2381,25.27745,1.375425,821.9242,995.7643,30
2383,25.27745,1.375425,821.9242,995.7643,30
2385,25.27745,1.375425,821.9242,995.7643,30
2387,25.27745,1.375425,821.9242,995.7643,30
2389,25.27745,1.375425,821.9242,995.7643,30
2391,25.27745,1.375425,821.9242,995.7643,30
2393,25.27745,1.375425,821.9242,995.7643,30
2395,25.27745,1.375425,821.9242,995.7643,30
2397,25.27745,1.375425,821.9242,995.7643,30
2399,25.27745,1.375425,821.9242,995.7643,30
2401,25.27745,1.375425,821.9242,995.7643,30
2403,25.27745,1.375425,821.9242,995.7643,30
2405,25.27745,1.375425,821.9242,995.7643,30
2407,25.27745,1.375425,821.9242,995.7643,30
2409,25.27745,1.375425,821.9242,995.7643,30
2411,25.27745,1.375425,821.9242,995.7643,30
2413,25.27745,1.375425,821.9242,995.7643,30
2415,25.27745,1.375425,821.9242,995.7643,30
2417,25.27745,1.375425,821.9242,995.7643,30
2419,25.27745,1.375425,821.9242,995.7643,30
2421,25.27745,1.375425,821.9242,995.7643,30
2423,25.27745,1.375425,821.9242,995.7643,30
2425,25.27745,1.375425,821.9242,995.7643,30
2427,25.27745,1.375425,821.9242,995.7643,30
2429,25.27745,1.375425,821.9242,995.7643,30
2431,25.27745,1.375425,821.9242,995.7643,30
2433,25.27745,1.375425,821.9242,995.7643,30
2435,25.27745,1.375425,821.9242,995.7643,30
2437,25.27745,1.375425,821.9242,995.7643,30
2439,25.27745,1.375425,821.9242,995.7643,30
2441,25.27745,1.375425,821.9242,995.7643,30
2443,25.27745,1.375425,821.9242,995.7643,30
2445,25.27745,1.375425,821.9242,995.7643,30
2447,25.27745,1.375425,821.9242,995.7643,30
2449,25.27745,1.375425,821.9242,995.7643,30
2451,25.27745,1.375425,821.9242,995.7643,30
2453,25.27745,1.375425,821.9242,995.7643,30
2455,25.27745,1.375425,821.9242,995.7643,30
2457,25.27745,1.375425,821.9242,995.7643,30
2459,25.27745,1.375425,821.9242,995.7643,30
2461,25.27745,1.375425,821.9242,995.7643,30
2463,25.27745,1.375425,821.9242,995.7643,30
2465,25.27745,1.375425,821.9242,995.7643,30
2467,25.27745,1.375425,821.9242,995.7643,30
2469,25.27745,1.375425,821.9242,995.7643,30
2471,25.27745,1.375425,821.9242,995.7643,30
2473,25.27745,1.375425,821.9242,995.7643,30
2475,25.27745,1.375425,821.9242,995.7643,30
2477,25.27745,1.375425,821.9242,995.7643,30
2479,25.27745,1.375425,821.9242,995.7643,30
2481,25.27745,1.375425,821.9242,995.7643,30
2483,25.27745,1.375425,821.9242,995.7643,30
2485,25.27745,1.375425,821.9242,995.7643,30
2487,25.27745,1.375425,821.9242,995.7643,30
2489,25.27745,1.375425,821.9242,995.7643,30
2491,25.27745,1.375425,821.9242,995.7643,30
2493,25.27745,1.375425,821.9242,995.7643,30
2495,25.27745,1.375427,821.9242,995.7643,30
2497,25.27745,1.375427,821.9242,995.7643,30
2499,25.27745,1.375437,821.9242,995.7643,30
2501,25.27745,1.375437,821.9242,995.7643,30
2503,25.27745,1.375437,821.9242,995.7643,30
2505,25.27745,1.375443,821.9242,995.7643,30
2507,25.27745,1.375443,821.9242,995.7643,30
2509,25.27745,1.375447,821.9242,995.7643,30
2511,25.27745,1.375447,821.9242,995.7643,30
2513,25.27745,1.375447,821.9242,995.7643,30
2515,25.27745,1.375511,821.9242,995.7643,30
2517,25.27745,1.375511,821.9242,995.7643,30
2519,25.27745,1.375513,821.9242,995.7643,30
2521,25.27745,1.375513,821.9242,995.7643,30
2523,25.27745,1.375513,821.9242,995.7643,30
2525,25.27745,1.375516,821.9242,995.7643,30
2527,25.27745,1.375516,821.9242,995.7643,30
2529,25.27745,1.375517,821.9242,995.7643,30
2531,25.27745,1.375517,821.9242,995.7643,30
2533,25.27745,1.375517,821.9242,995.7643,30
2535,25.27745,1.375516,821.9242,995.7643,30
2537,25.27745,1.375516,821.9242,995.7643,30
2539,25.27745,1.375517,821.9242,995.7643,30
2541,25.27745,1.375517,821.9242,995.7643,30
2543,25.27745,1.375517,821.9242,995.7643,30
2545,25.27745,1.375518,821.9242,995.7643,30
2547,25.27745,1.375518,821.9242,995.7643,30
2549,25.27745,1.375518,821.9242,995.7643,30
2551,25.27745,1.375518,821.9242,995.7643,30
2553,25.27745,1.375518,821.9242,995.7643,30
2555,25.27745,1.375518,821.9242,995.7643,30
2557,25.27745,1.375518,821.9242,995.7643,30
2559,25.27745,1.375518,821.9242,995.7643,30
2561,25.27745,1.375519,821.9242,995.7643,30
2563,25.27745,1.375519,821.9242,995.7643,30
2565,25.27745,1.375519,821.9242,995.7643,30
2567,25.27745,1.375519,821.9242,995.7643,30
2569,25.27745,1.375519,821.9242,995.7643,30
2571,25.27745,1.375518,821.9242,995.7643,30
2573,25.27745,1.375518,821.9242,995.7643,30
2575,25.27745,1.375518,821.9242,995.7643,30
2577,25.27745,1.375518,821.9242,995.7643,30
2579,25.27745,1.375518,821.9242,995.7643,30
2581,25.27745,1.375518,821.9242,995.7643,30
2583,25.27745,1.375518,821.9242,995.7643,30
2585,25.27745,1.375518,821.9242,995.7643,30
2587,25.27745,1.375518,821.9242,995.7643,30
2589,25.27745,1.375518,821.9242,995.7643,30
2591,25.27745,1.375517,821.9242,995.7643,30
2593,25.27745,1.375517,821.9242,995.7643,30
2595,25.27745,1.375518,821.9242,995.7643,30
2597,25.27745,1.375518,821.9242,995.7643,30
2599,25.27745,1.375518,821.9242,995.7643,30
2601,25.27745,1.375518,821.9242,995.7643,30
2603,25.27745,1.375518,821.9242,995.7643,30
2605,25.27745,1.375517,821.9242,995.7643,30
2607,25.27745,1.375517,821.9242,995.7643,30
2609,25.27745,1.375517,821.9242,995.7643,30
2611,25.27745,1.375518,821.9242,995.7643,30
2613,25.27745,1.375518,821.9242,995.7643,30
2615,25.27745,1.375518,821.9242,995.7643,30
2617,25.27745,1.375518,821.9242,995.7643,30
2619,25.27745,1.375518,821.9242,995.7643,30
2621,25.27745,1.375518,821.9242,995.7643,30
2623,25.27745,1.375518,821.9242,995.7643,30
2625,25.27745,1.375518,821.9242,995.7643,30
2627,25.27745,1.375518,821.9242,995.7643,30
2629,25.27745,1.375518,821.9242,995.7643,30
2631,25.27745,1.375518,821.9242,995.7643,30
2633,25.27745,1.375518,821.9242,995.7643,30
2635,25.27745,1.375517,821.9242,995.7643,30
2637,25.27745,1.375517,821.9242,995.7643,30
2639,25.27745,1.375517,821.9242,995.7643,30
2641,25.27745,1.375518,821.9242,995.7643,30
2643,25.27745,1.375518,821.9242,995.7643,30
2645,25.27745,1.375519,821.9242,995.7643,30
2647,25.27745,1.375519,821.9242,995.7643,30
2649,25.27745,1.375519,821.9242,995.7643,30
2651,25.27745,1.37552,821.9242,995.7643,30
2653,25.27745,1.37552,821.9242,995.7643,30
2655,25.27745,1.37552,821.9242,995.7643,30
2657,25.27745,1.37552,821.9242,995.7643,30
2659,25.27745,1.37552,821.9242,995.7643,30
2661,25.27745,1.375519,821.9242,995.7643,30
2663,25.27745,1.375519,821.9242,995.7643,30
2665,25.27745,1.375518,821.9242,995.7643,30
2667,25.27745,1.375518,821.9242,995.7643,30
2669,25.27745,1.375518,821.9242,995.7643,30
2671,25.27745,1.375518,821.9242,995.7643,30
2673,25.27745,1.375518,821.9242,995.7643,30
2675,25.27745,1.375519,821.9242,995.7643,30
2677,25.27745,1.375519,821.9242,995.7643,30
2679,25.27745,1.375519,821.9242,995.7643,30
2681,25.27745,1.375518,821.9242,995.7643,30
2683,25.27745,1.375518,821.9242,995.7643,30
2685,25.27745,1.375519,821.9242,995.7643,30
2687,25.27745,1.375519,821.9242,995.7643,30
2689,25.27745,1.375519,821.9242,995.7643,30
2691,25.27745,1.375519,821.9242,995.7643,30
2693,25.27745,1.375519,821.9242,995.7643,30
2695,25.27745,1.375518,821.9242,995.7643,30
2697,25.27745,1.375518,821.9242,995.7643,30
2699,25.27745,1.375518,821.9242,995.7643,30
2701,25.27745,1.375519,821.9242,995.7643,30
2703,25.27745,1.375519,821.9242,995.7643,30
2705,25.27745,1.375519,821.9242,995.7643,30
2707,25.27745,1.375519,821.9242,995.7643,30
2709,25.27745,1.375519,821.9242,995.7643,30
2711,25.27745,1.375519,821.9242,995.7643,30
2713,25.27745,1.375519,821.9242,995.7643,30
2715,25.27745,1.375519,821.9242,995.7643,30
2717,25.27745,1.375519,821.9242,995.7643,30
2719,25.27745,1.375519,821.9242,995.7643,30
2721,25.27745,1.375518,821.9242,995.7643,30
2723,25.27745,1.375518,821.9242,995.7643,30
2725,25.27745,1.375518,821.9242,995.7643,30
2727,25.27745,1.375518,821.9242,995.7643,30
2729,25.27745,1.375518,821.9242,995.7643,30
2731,25.27745,1.375518,821.9242,995.7643,30
2733,25.27745,1.375518,821.9242,995.7643,30
2735,25.27745,1.375518,821.9242,995.7643,30
2737,25.27745,1.375518,821.9242,995.7643,30
2739,25.27745,1.375518,821.9242,995.7643,30
2741,25.27745,1.375518,821.9242,995.7643,30
2743,25.27745,1.375518,821.9242,995.7643,30
2745,25.27745,1.375518,821.9242,995.7643,30
2747,25.27745,1.375518,821.9242,995.7643,30
2749,25.27745,1.375518,821.9242,995.7643,30
2751,25.27745,1.375518,821.9242,995.7643,30
2753,25.27745,1.375518,821.9242,995.7643,30
2755,25.27745,1.375519,821.9242,995.7643,30
2757,25.27745,1.375519,821.9242,995.7643,30
2759,25.27745,1.375519,821.9242,995.7643,30
2761,25.27745,1.375519,821.9242,995.7643,30
2763,25.27745,1.375519,821.9242,995.7643,30
2765,25.27745,1.375519,821.9242,995.7643,30
2767,25.27745,1.375519,821.9242,995.7643,30
2769,25.27745,1.375519,821.9242,995.7643,30
2771,25.27745,1.375519,821.9242,995.7643,30
2773,25.27745,1.375519,821.9242,995.7643,30
2775,25.27745,1.375519,821.9242,995.7643,30
2777,25.27745,1.375519,821.9242,995.7643,30
2779,25.27745,1.375519,821.9242,995.7643,30
2781,25.27745,1.375518,821.9242,995.7643,30
2783,25.27745,1.375518,821.9242,995.7643,30
2785,25.27745,1.375519,821.9242,995.7643,30
2787,25.27745,1.375519,821.9242,995.7643,30
2789,25.27745,1.375519,821.9242,995.7643,30
2791,25.27745,1.375519,821.9242,995.7643,30
2793,25.27745,1.375519,821.9242,995.7643,30
2795,25.27745,1.375519,821.9242,995.7643,30
2797,25.27745,1.375519,821.9242,995.7643,30
2799,25.27745,1.375519,821.9242,995.7643,30
2801,25.27745,1.375519,821.9242,995.7643,30
2803,25.27745,1.375519,821.9242,995.7643,30
2805,25.27745,1.375519,821.9242,995.7643,30
2807,25.27745,1.375519,821.9242,995.7643,30
2809,25.27745,1.375519,821.9242,995.7643,30
2811,25.27745,1.375519,821.9242,995.7643,30
2813,25.27745,1.375519,821.9242,995.7643,30
2815,25.27745,1.375519,821.9242,995.7643,30
2817,25.27745,1.375518,821.9242,995.7643,30
2819,25.27745,1.375518,821.9242,995.7643,30
2821,25.27745,1.375518,821.9242,995.7643,30
2823,25.27745,1.375518,821.9242,995.7643,30
2825,25.27745,1.375518,821.9242,995.7643,30
2827,25.27745,1.375518,821.9242,995.7643,30
2829,25.27745,1.375518,821.9242,995.7643,30
2831,25.27745,1.375518,821.9242,995.7643,30
2833,25.27745,1.375518,821.9242,995.7643,30
2835,25.27745,1.375518,821.9242,995.7643,30
2837,25.27745,1.375518,821.9242,995.7643,30
2839,25.27745,1.375518,821.9242,995.7643,30
2841,25.27745,1.375518,821.9242,995.7643,30
2843,25.27745,1.375518,821.9242,995.7643,30
2845,25.27745,1.375518,821.9242,995.7643,30
2847,25.27745,1.375519,821.9242,995.7643,30
2849,25.27745,1.375519,821.9242,995.7643,30
2851,25.27745,1.375518,821.9242,995.7643,30
2853,25.27745,1.375518,821.9242,995.7643,30
2855,25.27745,1.375518,821.9242,995.7643,30
2857,25.27745,1.375518,821.9242,995.7643,30
2859,25.27745,1.375518,821.9242,995.7643,30
2861,25.27745,1.375518,821.9242,995.7643,30
2863,25.27745,1.375518,821.9242,995.7643,30
2865,25.27745,1.375518,821.9242,995.7643,30
2867,25.27745,1.375518,821.9242,995.7643,30
2869,25.27745,1.375518,821.9242,995.7643,30
2871,25.27745,1.375518,821.9242,995.7643,30
2873,25.27745,1.375518,821.9242,995.7643,30
2875,25.27745,1.375518,821.9242,995.7643,30
2877,25.27745,1.375517,821.9242,995.7643,30
2879,25.27745,1.375517,821.9242,995.7643,30
2881,25.27745,1.375518,821.9242,995.7643,30
2883,25.27745,1.375518,821.9242,995.7643,30
2885,25.27745,1.375518,821.9242,995.7643,30
2887,25.27745,1.375518,821.9242,995.7643,30
2889,25.27745,1.375518,821.9242,995.7643,30
2891,25.27745,1.375518,821.9242,995.7643,30
2893,25.27745,1.375518,821.9242,995.7643,30
2895,25.27745,1.375518,821.9242,995.7643,30
2897,25.27745,1.375518,821.9242,995.7643,30
2899,25.27745,1.375518,821.9242,995.7643,30
2901,25.27745,1.375517,821.9242,995.7643,30
2903,25.27745,1.375517,821.9242,995.7643,30
2905,25.27745,1.375517,821.9242,995.7643,30
2907,25.27745,1.375518,821.9242,995.7643,30
2909,25.27745,1.375518,821.9242,995.7643,30
2911,25.27745,1.375518,821.9242,995.7643,30
2913,25.27745,1.375518,821.9242,995.7643,30
2915,25.27745,1.375518,821.9242,995.7643,30
2917,25.27745,1.375518,821.9242,995.7643,30
2919,25.27745,1.375518,821.9242,995.7643,30
2921,25.27745,1.375518,821.9242,995.7643,30
2923,25.27745,1.375518,821.9242,995.7643,30
2925,25.27745,1.375518,821.9242,995.7643,30
2927,25.27745,1.375517,821.9242,995.7643,30
2929,25.27745,1.375517,821.9242,995.7643,30
2931,25.27745,1.375517,821.9242,995.7643,30
2933,25.27745,1.375517,821.9242,995.7643,30
2935,25.27745,1.375517,821.9242,995.7643,30
2937,25.27745,1.375517,821.9242,995.7643,30
2939,25.27745,1.375517,821.9242,995.7643,30
2941,25.27745,1.375518,821.9242,995.7643,30
2943,25.27745,1.375518,821.9242,995.7643,30
2945,25.27745,1.375518,821.9242,995.7643,30
2947,25.27745,1.375517,821.9242,995.7643,30
2949,25.27745,1.375517,821.9242,995.7643,30
2951,25.27745,1.375515,821.9242,995.7643,30
2953,25.27745,1.375515,821.9242,995.7643,30
2955,25.27745,1.375515,821.9242,995.7643,30
2957,25.27745,1.375515,821.9242,995.7643,30
2959,25.27745,1.375515,821.9242,995.7643,30
2961,25.27745,1.375516,821.9242,995.7643,30
2963,25.27745,1.375516,821.9242,995.7643,30
2965,25.27745,1.375516,821.9242,995.7643,30
2967,25.27745,1.375517,821.9242,995.7643,30
2969,25.27745,1.375517,821.9242,995.7643,30
2971,25.27745,1.375518,821.9242,995.7643,30
2973,25.27745,1.375518,821.9242,995.7643,30
2975,25.27745,1.375518,821.9242,995.7643,30
2977,25.27745,1.375519,821.9242,995.7643,30
2979,25.27745,1.375519,821.9242,995.7643,30
2981,25.27745,1.375518,821.9242,995.7643,30
2983,25.27745,1.375518,821.9242,995.7643,30
2985,25.27745,1.375518,821.9242,995.7643,30
2987,25.27745,1.375518,821.9242,995.7643,30
2989,25.27745,1.375518,821.9242,995.7643,30
2991,25.27745,1.375518,821.9242,995.7643,30
2993,25.27745,1.375518,821.9242,995.7643,30
2995,25.27745,1.375518,821.9242,995.7643,30
2997,25.27745,1.375518,821.9242,995.7643,30
2999,25.27745,1.375518,821.9242,995.7643,30
3001,25.27745,1.375518,821.9242,995.7643,30
3003,25.27745,1.375518,821.9242,995.7643,30
3005,25.27745,1.375518,821.9242,995.7643,30
3007,25.27745,1.375518,821.9242,995.7643,30
3009,25.27745,1.375518,821.9242,995.7643,30
3011,25.27745,1.375519,821.9242,995.7643,30
3013,25.27745,1.375519,821.9242,995.7643,30
3015,25.27745,1.375519,821.9242,995.7643,30
3017,25.27745,1.375518,821.9242,995.7643,30
3019,25.27745,1.375518,821.9242,995.7643,30
3021,25.27745,1.375519,821.9242,995.7643,30
3023,25.27745,1.375519,821.9242,995.7643,30
3025,25.27745,1.375519,821.9242,995.7643,30
3027,25.27745,1.375518,821.9242,995.7643,30
3029,25.27745,1.375518,821.9242,995.7643,30
3031,25.27745,1.375519,821.9242,995.7643,30
3033,25.27745,1.375519,821.9242,995.7643,30
3035,25.27745,1.375519,821.9242,995.7643,30
3037,25.27745,1.37552,821.9242,995.7643,30
3039,25.27745,1.37552,821.9242,995.7643,30
3041,25.27745,1.375519,821.9242,995.7643,30
3043,25.27745,1.375519,821.9242,995.7643,30
3045,25.27745,1.375519,821.9242,995.7643,30
3047,25.27745,1.375518,821.9242,995.7643,30
3049,25.27745,1.375518,821.9242,995.7643,30
3051,25.27745,1.375518,821.9242,995.7643,30
3053,25.27745,1.375518,821.9242,995.7643,30
3055,25.27745,1.375518,821.9242,995.7643,30
3057,25.27745,1.375519,821.9242,995.7643,30
3059,25.27745,1.375519,821.9242,995.7643,30
3061,25.27745,1.375519,821.9242,995.7643,30
3063,25.27745,1.375519,821.9242,995.7643,30
3065,25.27745,1.375519,821.9242,995.7643,30
3067,25.27745,1.375518,821.9242,995.7643,30
3069,25.27745,1.375518,821.9242,995.7643,30
3071,25.27745,1.375518,821.9242,995.7643,30
3073,25.27745,1.375518,821.9242,995.7643,30
3075,25.27745,1.375518,821.9242,995.7643,30
3077,25.27745,1.375519,821.9242,995.7643,30
3079,25.27745,1.375519,821.9242,995.7643,30
3081,25.27745,1.375519,821.9242,995.7643,30
3083,25.27745,1.375518,821.9242,995.7643,30
3085,25.27745,1.375518,821.9242,995.7643,30
3087,25.27745,1.375518,821.9242,995.7643,30
3089,25.27745,1.375518,821.9242,995.7643,30
3091,25.27745,1.375518,821.9242,995.7643,30
3093,25.27745,1.375518,821.9242,995.7643,30
3095,25.27745,1.375518,821.9242,995.7643,30
3097,25.27745,1.375518,821.9242,995.7643,30
3099,25.27745,1.375518,821.9242,995.7643,30
3101,25.27745,1.375518,821.9242,995.7643,30
3103,25.27745,1.375518,821.9242,995.7643,30
3105,25.27745,1.375518,821.9242,995.7643,30
3107,25.27745,1.375519,821.9242,995.7643,30
3109,25.27745,1.375519,821.9242,995.7643,30
3111,25.27745,1.375519,821.9242,995.7643,30
3113,25.27745,1.37552,821.9242,995.7643,30
3115,25.27745,1.37552,821.9242,995.7643,30
3117,25.27745,1.375518,821.9242,995.7643,30
3119,25.27745,1.375518,821.9242,995.7643,30
3121,25.27745,1.375518,821.9242,995.7643,30
3123,25.27745,1.375518,821.9242,995.7643,30
3125,25.27745,1.375518,821.9242,995.7643,30
3127,25.27745,1.375518,821.9242,995.7643,30
3129,25.27745,1.375518,821.9242,995.7643,30
3131,25.27745,1.375518,821.9242,995.7643,30
3133,25.27745,1.375517,821.9242,995.7643,30
3135,25.27745,1.375517,821.9242,995.7643,30
3137,25.27745,1.375518,821.9242,995.7643,30
3139,25.27745,1.375518,821.9242,995.7643,30
3141,25.27745,1.375518,821.9242,995.7643,30
3143,25.27745,1.375518,821.9242,995.7643,30
3145,25.27745,1.375518,821.9242,995.7643,30
3147,25.27745,1.375518,821.9242,995.7643,30
3149,25.27745,1.375518,821.9242,995.7643,30
3151,25.27745,1.375518,821.9242,995.7643,30
3153,25.27745,1.375518,821.9242,995.7643,30
3155,25.27745,1.375518,821.9242,995.7643,30
3157,25.27745,1.375519,821.9242,995.7643,30
3159,25.27745,1.375519,821.9242,995.7643,30
3161,25.27745,1.375519,821.9242,995.7643,30
3163,25.27745,1.375519,821.9242,995.7643,30
3165,25.27745,1.375519,821.9242,995.7643,30
3167,25.27745,1.375519,821.9242,995.7643,30
3169,25.27745,1.375519,821.9242,995.7643,30
3171,25.27745,1.375519,821.9242,995.7643,30
3173,25.27745,1.375519,821.9242,995.7643,30
3175,25.27745,1.375519,821.9242,995.7643,30
3177,25.27745,1.375519,821.9242,995.7643,30
3179,25.27745,1.375519,821.9242,995.7643,30
3181,25.27745,1.375519,821.9242,995.7643,30
3183,25.27745,1.375519,821.9242,995.7643,30
3185,25.27745,1.375519,821.9242,995.7643,30
3187,25.27745,1.375519,821.9242,995.7643,30
3189,25.27745,1.375519,821.9242,995.7643,30
3191,25.27745,1.375519,821.9242,995.7643,30
3193,25.27745,1.375518,821.9242,995.7643,30
3195,25.27745,1.375518,821.9242,995.7643,30
3197,25.27745,1.375518,821.9242,995.7643,30
3199,25.27745,1.375518,821.9242,995.7643,30
3201,25.27745,1.375518,821.9242,995.7643,30
3203,25.27745,1.375519,821.9242,995.7643,30
3205,25.27745,1.375519,821.9242,995.7643,30
3207,25.27745,1.375519,821.9242,995.7643,30
3209,25.27745,1.375519,821.9242,995.7643,30
3211,25.27745,1.375519,821.9242,995.7643,30
3213,25.27745,1.375518,821.9242,995.7643,30
3215,25.27745,1.375518,821.9242,995.7643,30
3217,25.27745,1.375518,821.9242,995.7643,30
3219,25.27745,1.375518,821.9242,995.7643,30
3221,25.27745,1.375518,821.9242,995.7643,30
3223,25.27745,1.375518,821.9242,995.7643,30
3225,25.27745,1.375518,821.9242,995.7643,30
3227,25.27745,1.375518,821.9242,995.7643,30
3229,25.27745,1.375518,821.9242,995.7643,30
3231,25.27745,1.375518,821.9242,995.7643,30
3233,25.27745,1.375519,821.9242,995.7643,30
3235,25.27745,1.375519,821.9242,995.7643,30
3237,25.27745,1.375518,821.9242,995.7643,30
3239,25.27745,1.375518,821.9242,995.7643,30
3241,25.27745,1.375518,821.9242,995.7643,30
3243,25.27745,1.375517,821.9242,995.7643,30
3245,25.27745,1.375517,821.9242,995.7643,30
3247,25.27745,1.375519,821.9242,995.7643,30
3249,25.27745,1.375519,821.9242,995.7643,30
3251,25.27745,1.375519,821.9242,995.7643,30
3253,25.27745,1.375517,821.9242,995.7643,30
3255,25.27745,1.375517,821.9242,995.7643,30
3257,25.27745,1.375517,821.9242,995.7643,30
3259,25.27745,1.375517,821.9242,995.7643,30
3261,25.27745,1.375517,821.9242,995.7643,30
3263,25.27745,1.375518,821.9242,995.7643,30
3265,25.27745,1.375518,821.9242,995.7643,30
3267,25.27745,1.375519,821.9242,995.7643,30
3269,25.27745,1.375519,821.9242,995.7643,30
3271,25.27745,1.375519,821.9242,995.7643,30
3273,25.27745,1.375518,821.9242,995.7643,30
3275,25.27745,1.375518,821.9242,995.7643,30
3277,25.27745,1.375517,821.9242,995.7643,30
3279,25.27745,1.375517,821.9242,995.7643,30
3281,25.27745,1.375517,821.9242,995.7643,30
3283,25.27745,1.375517,821.9242,995.7643,30
3285,25.27745,1.375517,821.9242,995.7643,30
3287,25.27745,1.375518,821.9242,995.7643,30
3289,25.27745,1.375518,821.9242,995.7643,30
3291,25.27745,1.375518,821.9242,995.7643,30
3293,25.27745,1.375517,821.9242,995.7643,30
3295,25.27745,1.375517,821.9242,995.7643,30
3297,25.27745,1.375518,821.9242,995.7643,30
3299,25.27745,1.375518,821.9242,995.7643,30
3301,25.27745,1.375518,821.9242,995.7643,30
3303,25.27745,1.375518,821.9242,995.7643,30
3305,25.27745,1.375518,821.9242,995.7643,30
3307,25.27745,1.375518,821.9242,995.7643,30
3309,25.27745,1.375517,821.9242,995.7643,30
3311,25.27745,1.375517,821.9242,995.7643,30
3313,25.27745,1.375517,821.9242,995.7643,30
3315,25.27745,1.375517,821.9242,995.7643,30
3317,25.27745,1.375517,821.9242,995.7643,30
3319,25.27745,1.375517,821.9242,995.7643,30
3321,25.27745,1.375517,821.9242,995.7643,30
3323,25.27745,1.375517,821.9242,995.7643,30
3325,25.27745,1.375517,821.9242,995.7643,30
3327,25.27745,1.375517,821.9242,995.7643,30
3329,25.27745,1.375518,821.9242,995.7643,30
3331,25.27745,1.375518,821.9242,995.7643,30
3333,25.27745,1.375518,821.9242,995.7643,30
3335,25.27745,1.375518,821.9242,995.7643,30
3337,25.27745,1.375518,821.9242,995.7643,30
3339,25.27745,1.375519,821.9242,995.7643,30
3341,25.27745,1.375519,821.9242,995.7643,30
3343,25.27745,1.375518,821.9242,995.7643,30
3345,25.27745,1.375518,821.9242,995.7643,30
3347,25.27745,1.375518,821.9242,995.7643,30
3349,25.27745,1.375518,821.9242,995.7643,30
3351,25.27745,1.375518,821.9242,995.7643,30
3353,25.27745,1.375517,821.9242,995.7643,30
3355,25.27745,1.375517,821.9242,995.7643,30
3357,25.27745,1.375517,821.9242,995.7643,30
3359,25.27745,1.375518,821.9242,995.7643,30
3361,25.27745,1.375518,821.9242,995.7643,30
3363,25.27745,1.375519,821.9242,995.7643,30
3365,25.27745,1.375519,821.9242,995.7643,30
3367,25.27745,1.375519,821.9242,995.7643,30
3369,25.27745,1.375519,821.9242,995.7643,30
3371,25.27745,1.375519,821.9242,995.7643,30
3373,25.27745,1.375518,821.9242,995.7643,30
3375,25.27745,1.375518,821.9242,995.7643,30
3377,25.27745,1.375518,821.9242,995.7643,30
3379,25.27745,1.375519,821.9242,995.7643,30
3381,25.27745,1.375519,821.9242,995.7643,30
3383,25.27745,1.375518,821.9242,995.7643,30
3385,25.27745,1.375518,821.9242,995.7643,30
3387,25.27745,1.375518,821.9242,995.7643,30
3389,25.27745,1.375519,821.9242,995.7643,30
3391,25.27745,1.375519,821.9242,995.7643,30
3393,25.27745,1.375519,821.9242,995.7643,30
3395,25.27745,1.375519,821.9242,995.7643,30
3397,25.27745,1.375519,821.9242,995.7643,30
3399,25.27745,1.375517,821.9242,995.7643,30
3401,25.27745,1.375517,821.9242,995.7643,30
3403,25.27745,1.375517,821.9242,995.7643,30
3405,25.27745,1.375517,821.9242,995.7643,30
3407,25.27745,1.375517,821.9242,995.7643,30
3409,25.27745,1.375517,821.9242,995.7643,30
3411,25.27745,1.375517,821.9242,995.7643,30
3413,25.27745,1.375518,821.9242,995.7643,30
3415,25.27745,1.375518,821.9242,995.7643,30
3417,25.27745,1.375518,821.9242,995.7643,30
3419,25.27745,1.375518,821.9242,995.7643,30
3421,25.27745,1.375518,821.9242,995.7643,30
3423,25.27745,1.375518,821.9242,995.7643,30
3425,25.27745,1.375518,821.9242,995.7643,30
3427,25.27745,1.375518,821.9242,995.7643,30
3429,25.27745,1.375518,821.9242,995.7643,30
3431,25.27745,1.375518,821.9242,995.7643,30
3433,25.27745,1.375518,821.9242,995.7643,30
3435,25.27745,1.375518,821.9242,995.7643,30
3437,25.27745,1.375518,821.9242,995.7643,30
3439,25.27745,1.375518,821.9242,995.7643,30
3441,25.27745,1.375518,821.9242,995.7643,30
3443,25.27745,1.375519,821.9242,995.7643,30
3445,25.27745,1.375519,821.9242,995.7643,30
3447,25.27745,1.375519,821.9242,995.7643,30
3449,25.27745,1.375518,821.9242,995.7643,30
3451,25.27745,1.375518,821.9242,995.7643,30
3453,25.27745,1.375519,821.9242,995.7643,30
3455,25.27745,1.375519,821.9242,995.7643,30
3457,25.27745,1.375519,821.9242,995.7643,30
3459,25.27745,1.375518,821.9242,995.7643,30
3461,25.27745,1.375518,821.9242,995.7643,30
3463,25.27745,1.375518,821.9242,995.7643,30
3465,25.27745,1.375518,821.9242,995.7643,30
3467,25.27745,1.375518,821.9242,995.7643,30
3469,25.27745,1.375518,821.9242,995.7643,30
3471,25.27745,1.375518,821.9242,995.7643,30
3473,25.27745,1.375517,821.9242,995.7643,30
3475,25.27745,1.375517,821.9242,995.7643,30
3477,25.27745,1.375517,821.9242,995.7643,30
3479,25.27745,1.375518,821.9242,995.7643,30
3481,25.27745,1.375518,821.9242,995.7643,30
3483,25.27745,1.375518,821.9242,995.7643,30
3485,25.27745,1.375518,821.9242,995.7643,30
3487,25.27745,1.375518,821.9242,995.7643,30
3489,25.27745,1.375517,821.9242,995.7643,30
3491,25.27745,1.375517,821.9242,995.7643,30
3493,25.27745,1.375517,821.9242,995.7643,30
3495,25.27745,1.375517,821.9242,995.7643,30
3497,25.27745,1.375517,821.9242,995.7643,30
3499,25.27745,1.375518,821.9242,995.7643,30
3501,25.27745,1.375518,821.9242,995.7643,30
3503,25.27745,1.375518,821.9242,995.7643,30
3505,25.27745,1.375518,821.9242,995.7643,30
3507,25.27745,1.375518,821.9242,995.7643,30
3509,25.27745,1.375517,821.9242,995.7643,30
3511,25.27745,1.375517,821.9242,995.7643,30
3513,25.27745,1.375517,821.9242,995.7643,30
3515,25.27745,1.375517,821.9242,995.7643,30
3517,25.27745,1.375517,821.9242,995.7643,30
3519,25.27745,1.375517,821.9242,995.7643,30
3521,25.27745,1.375517,821.9242,995.7643,30
3523,25.27745,1.375518,821.9242,995.7643,30
3525,25.27745,1.375518,821.9242,995.7643,30
3527,25.27745,1.375518,821.9242,995.7643,30
3529,25.27745,1.375517,821.9242,995.7643,30
3531,25.27745,1.375517,821.9242,995.7643,30
3533,25.27745,1.375517,821.9242,995.7643,30
3535,25.27745,1.375517,821.9242,995.7643,30
3537,25.27745,1.375517,821.9242,995.7643,30
3539,25.27745,1.375518,821.9242,995.7643,30
3541,25.27745,1.375518,821.9242,995.7643,30
3543,25.27745,1.375518,821.9242,995.7643,30
3545,25.27745,1.375518,821.9242,995.7643,30
3547,25.27745,1.375518,821.9242,995.7643,30
3549,25.27745,1.375518,821.9242,995.7643,30
3551,25.27745,1.375518,821.9242,995.7643,30
3553,25.27745,1.375518,821.9242,995.7643,30
3555,25.27745,1.375517,821.9242,995.7643,30
3557,25.27745,1.375517,821.9242,995.7643,30
3559,25.27745,1.375518,821.9242,995.7643,30
3561,25.27745,1.375518,821.9242,995.7643,30
3563,25.27745,1.375518,821.9242,995.7643,30
3565,25.27745,1.375518,821.9242,995.7643,30
3567,25.27745,1.375518,821.9242,995.7643,30
3569,25.27745,1.375518,821.9242,995.7643,30
3571,25.27745,1.375518,821.9242,995.7643,30
3573,25.27745,1.375518,821.9242,995.7643,30
3575,25.27745,1.375518,821.9242,995.7643,30
3577,25.27745,1.375518,821.9242,995.7643,30
3579,25.27745,1.375519,821.9242,995.7643,30
3581,25.27745,1.375519,821.9242,995.7643,30
3583,25.27745,1.375519,821.9242,995.7643,30
3585,25.27745,1.375519,821.9242,995.7643,30
3587,25.27745,1.375519,821.9242,995.7643,30
3589,25.27745,1.375518,821.9242,995.7643,30
3591,25.27745,1.375518,821.9242,995.7643,30
3593,25.27745,1.375518,821.9242,995.7643,30
3595,25.27745,1.375518,821.9242,995.7643,30
3597,25.27745,1.375518,821.9242,995.7643,30
3599,25.27745,1.375519,821.9242,995.7643,30
3601,25.27745,1.375519,821.9242,995.7643,30
3603,25.27745,1.375519,821.9242,995.7643,30
3605,25.27745,1.375518,821.9242,995.7643,30
3607,25.27745,1.375518,821.9242,995.7643,30
3609,25.27745,1.375518,821.9242,995.7643,30
3611,25.27745,1.375518,821.9242,995.7643,30
3613,25.27745,1.375518,821.9242,995.7643,30
3615,25.27745,1.375519,821.9242,995.7643,30
3617,25.27745,1.375519,821.9242,995.7643,30
3619,25.27745,1.375518,821.9242,995.7643,30
3621,25.27745,1.375518,821.9242,995.7643,30
3623,25.27745,1.375518,821.9242,995.7643,30
3625,25.27745,1.375518,821.9242,995.7643,30
3627,25.27745,1.375518,821.9242,995.7643,30
3629,25.27745,1.375518,821.9242,995.7643,30
3631,25.27745,1.375518,821.9242,995.7643,30
3633,25.27745,1.375518,821.9242,995.7643,30
3635,25.27745,1.375518,821.9242,995.7643,30
3637,25.27745,1.375518,821.9242,995.7643,30
3639,25.27745,1.375518,821.9242,995.7643,30
3641,25.27745,1.375518,821.9242,995.7643,30
3643,25.27745,1.375518,821.9242,995.7643,30
3645,25.27745,1.375518,821.9242,995.7643,30
3647,25.27745,1.375518,821.9242,995.7643,30
3649,25.27745,1.375518,821.9242,995.7643,30
3651,25.27745,1.375518,821.9242,995.7643,30
3653,25.27745,1.375518,821.9242,995.7643,30
3655,25.27745,1.375518,821.9242,995.7643,30
3657,25.27745,1.375518,821.9242,995.7643,30
3659,25.27745,1.375518,821.9242,995.7643,30
3661,25.27745,1.375518,821.9242,995.7643,30
3663,25.27745,1.375518,821.9242,995.7643,30
3665,25.27745,1.375519,821.9242,995.7643,30
3667,25.27745,1.375519,821.9242,995.7643,30
3669,25.27745,1.375519,821.9242,995.7643,30
3671,25.27745,1.375519,821.9242,995.7643,30
3673,25.27745,1.375519,821.9242,995.7643,30
3675,25.27745,1.375519,821.9242,995.7643,30
3677,25.27745,1.375519,821.9242,995.7643,30
3679,25.27745,1.375519,821.9242,995.7643,30
3681,25.27745,1.375519,821.9242,995.7643,30
3683,25.27745,1.375519,821.9242,995.7643,30
3685,25.27745,1.375518,821.9242,995.7643,30
3687,25.27745,1.375518,821.9242,995.7643,30
3689,25.27745,1.375519,821.9242,995.7643,30
3691,25.27745,1.375519,821.9242,995.7643,30
3693,25.27745,1.375519,821.9242,995.7643,30
3695,25.27745,1.375519,821.9242,995.7643,30
3697,25.27745,1.375519,821.9242,995.7643,30
3699,25.27745,1.375518,821.9242,995.7643,30
3701,25.27745,1.375518,821.9242,995.7643,30
3703,25.27745,1.375518,821.9242,995.7643,30
3705,25.27745,1.375518,821.9242,995.7643,30
3707,25.27745,1.375518,821.9242,995.7643,30
3709,25.27745,1.375518,821.9242,995.7643,30
3711,25.27745,1.375518,821.9242,995.7643,30
3713,25.27745,1.375518,821.9242,995.7643,30
3715,25.27745,1.375518,821.9242,995.7643,30
3717,25.27745,1.375518,821.9242,995.7643,30
3719,25.27745,1.375518,821.9242,995.7643,30
3721,25.27745,1.375518,821.9242,995.7643,30
3723,25.27745,1.375518,821.9242,995.7643,30
3725,25.27745,1.375518,821.9242,995.7643,30
3727,25.27745,1.375518,821.9242,995.7643,30
3729,25.27745,1.375518,821.9242,995.7643,30
3731,25.27745,1.375518,821.9242,995.7643,30
3733,25.27745,1.375518,821.9242,995.7643,30
3735,25.27745,1.375519,821.9242,995.7643,30
3737,25.27745,1.375519,821.9242,995.7643,30
3739,25.27745,1.375519,821.9242,995.7643,30
3741,25.27745,1.375519,821.9242,995.7643,30
3743,25.27745,1.375519,821.9242,995.7643,30
3745,25.27745,1.375518,821.9242,995.7643,30
3747,25.27745,1.375518,821.9242,995.7643,30
3749,25.27745,1.375519,821.9242,995.7643,30
3751,25.27745,1.375519,821.9242,995.7643,30
3753,25.27745,1.375519,821.9242,995.7643,30
3755,25.27745,1.375519,821.9242,995.7643,30
3757,25.27745,1.375519,821.9242,995.7643,30
3759,25.27745,1.375519,821.9242,995.7643,30
3761,25.27745,1.375519,821.9242,995.7643,30
3763,25.27745,1.375519,821.9242,995.7643,30
3765,25.27745,1.375518,821.9242,995.7643,30
3767,25.27745,1.375518,821.9242,995.7643,30
3769,25.27745,1.375518,821.9242,995.7643,30
3771,25.27745,1.375518,821.9242,995.7643,30
3773,25.27745,1.375518,821.9242,995.7643,30
3775,25.27745,1.375519,821.9242,995.7643,30
3777,25.27745,1.375519,821.9242,995.7643,30
3779,25.27745,1.375518,821.9242,995.7643,30
3781,25.27745,1.375518,821.9242,995.7643,30
3783,25.27745,1.375518,821.9242,995.7643,30
3785,25.27745,1.375518,821.9242,995.7643,30
3787,25.27745,1.375518,821.9242,995.7643,30
3789,25.27745,1.375518,821.9242,995.7643,30
3791,25.27745,1.375518,821.9242,995.7643,30
3793,25.27745,1.375518,821.9242,995.7643,30
3795,25.27745,1.375518,821.9242,995.7643,30
3797,25.27745,1.375518,821.9242,995.7643,30
3799,25.27745,1.375518,821.9242,995.7643,30
3801,25.27745,1.375518,821.9242,995.7643,30
3803,25.27745,1.375518,821.9242,995.7643,30
3805,25.27745,1.375519,821.9242,995.7643,30
3807,25.27745,1.375519,821.9242,995.7643,30
3809,25.27745,1.375519,821.9242,995.7643,30
3811,25.27745,1.375519,821.9242,995.7643,30
3813,25.27745,1.375519,821.9242,995.7643,30
3815,25.27745,1.375518,821.9242,995.7643,30
3817,25.27745,1.375518,821.9242,995.7643,30
3819,25.27745,1.375518,821.9242,995.7643,30
3821,25.27745,1.375518,821.9242,995.7643,30
3823,25.27745,1.375518,821.9242,995.7643,30
3825,25.27745,1.375518,821.9242,995.7643,30
3827,25.27745,1.375518,821.9242,995.7643,30
3829,25.27745,1.375518,821.9242,995.7643,30
3831,25.27745,1.375519,821.9242,995.7643,30
3833,25.27745,1.375519,821.9242,995.7643,30
3835,25.27745,1.375519,821.9242,995.7643,30
3837,25.27745,1.375519,821.9242,995.7643,30
3839,25.27745,1.375519,821.9242,995.7643,30
3841,25.27745,1.375517,821.9242,995.7643,30
3843,25.27745,1.375517,821.9242,995.7643,30
3845,25.27745,1.375518,821.9242,995.7643,30
3847,25.27745,1.375518,821.9242,995.7643,30
3849,25.27745,1.375518,821.9242,995.7643,30
3851,25.27745,1.375518,821.9242,995.7643,30
3853,25.27745,1.375518,821.9242,995.7643,30
3855,25.27745,1.375518,821.9242,995.7643,30
3857,25.27745,1.375518,821.9242,995.7643,30
3859,25.27745,1.375518,821.9242,995.7643,30
3861,25.27745,1.375518,821.9242,995.7643,30
3863,25.27745,1.375518,821.9242,995.7643,30
3865,25.27745,1.375518,821.9242,995.7643,30
3867,25.27745,1.375518,821.9242,995.7643,30
3869,25.27745,1.375518,821.9242,995.7643,30
3871,25.27745,1.375518,821.9242,995.7643,30
3873,25.27745,1.375518,821.9242,995.7643,30
3875,25.27745,1.375519,821.9242,995.7643,30
3877,25.27745,1.375519,821.9242,995.7643,30
3879,25.27745,1.375519,821.9242,995.7643,30
3881,25.27745,1.375519,821.9242,995.7643,30
3883,25.27745,1.375519,821.9242,995.7643,30
3885,25.27745,1.375518,821.9242,995.7643,30
3887,25.27745,1.375518,821.9242,995.7643,30
3889,25.27745,1.375518,821.9242,995.7643,30
3891,25.27745,1.375518,821.9242,995.7643,30
3893,25.27745,1.375518,821.9242,995.7643,30
3895,25.27745,1.375519,821.9242,995.7643,30
3897,25.27745,1.375519,821.9242,995.7643,30
3899,25.27745,1.375519,821.9242,995.7643,30
3901,25.27745,1.375517,821.9242,995.7643,30
3903,25.27745,1.375517,821.9242,995.7643,30
3905,25.27745,1.375519,821.9242,995.7643,30
3907,25.27745,1.375519,821.9242,995.7643,30
3909,25.27745,1.375519,821.9242,995.7643,30
3911,25.27745,1.375518,821.9242,995.7643,30
3913,25.27745,1.375518,821.9242,995.7643,30
3915,25.27745,1.375518,821.9242,995.7643,30
3917,25.27745,1.375518,821.9242,995.7643,30
3919,25.27745,1.375518,821.9242,995.7643,30
3921,25.27745,1.375519,821.9242,995.7643,30
3923,25.27745,1.375519,821.9242,995.7643,30
3925,25.27745,1.375518,821.9242,995.7643,30
3927,25.27745,1.375518,821.9242,995.7643,30
3929,25.27745,1.375518,821.9242,995.7643,30
3931,25.27745,1.375519,821.9242,995.7643,30
3933,25.27745,1.375519,821.9242,995.7643,30
3935,25.27745,1.375519,821.9242,995.7643,30
3937,25.27745,1.375519,821.9242,995.7643,30
3939,25.27745,1.375519,821.9242,995.7643,30
3941,25.27745,1.375519,821.9242,995.7643,30
3943,25.27745,1.375519,821.9242,995.7643,30
3945,25.27745,1.375519,821.9242,995.7643,30
3947,25.27745,1.375519,821.9242,995.7643,30
3949,25.27745,1.375519,821.9242,995.7643,30
3951,25.27745,1.375519,821.9242,995.7643,30
3953,25.27745,1.375519,821.9242,995.7643,30
3955,25.27745,1.375518,821.9242,995.7643,30
3957,25.27745,1.375518,821.9242,995.7643,30
3959,25.27745,1.375518,821.9242,995.7643,30
3961,25.27745,1.375519,821.9242,995.7643,30
3963,25.27745,1.375519,821.9242,995.7643,30
3965,25.27745,1.375519,821.9242,995.7643,30
3967,25.27745,1.375519,821.9242,995.7643,30
3969,25.27745,1.375519,821.9242,995.7643,30
3971,25.27745,1.375519,821.9242,995.7643,30
3973,25.27745,1.375519,821.9242,995.7643,30
3975,25.27745,1.375518,821.9242,995.7643,30
3977,25.27745,1.375518,821.9242,995.7643,30
3979,25.27745,1.375518,821.9242,995.7643,30
3981,25.27745,1.375517,821.9242,995.7643,30
3983,25.27745,1.375517,821.9242,995.7643,30
3985,25.27745,1.375517,821.9242,995.7643,30
3987,25.27745,1.375517,821.9242,995.7643,30
3989,25.27745,1.375517,821.9242,995.7643,30
3991,25.27745,1.375517,821.9242,995.7643,30
3993,25.27745,1.375517,821.9242,995.7643,30
3995,25.27745,1.375517,821.9242,995.7643,30
3997,25.27745,1.375517,821.9242,995.7643,30
3999,25.27745,1.375517,821.9242,995.7643,30
4001,25.27745,1.375517,821.9242,995.7643,30
4003,25.27745,1.375517,821.9242,995.7643,30
4005,25.27745,1.375518,821.9242,995.7643,30
4007,25.27745,1.375518,821.9242,995.7643,30
4009,25.27745,1.375518,821.9242,995.7643,30
4011,25.27745,1.375519,821.9242,995.7643,30
4013,25.27745,1.375519,821.9242,995.7643,30
4015,25.27745,1.375518,821.9242,995.7643,30
4017,25.27745,1.375518,821.9242,995.7643,30
4019,25.27745,1.375518,821.9242,995.7643,30
4021,25.27745,1.375518,821.9242,995.7643,30
4023,25.27745,1.375518,821.9242,995.7643,30
4025,25.27745,1.375518,821.9242,995.7643,30
4027,25.27745,1.375518,821.9242,995.7643,30
4029,25.27745,1.375518,821.9242,995.7643,30
4031,25.27745,1.375517,821.9242,995.7643,30
4033,25.27745,1.375517,821.9242,995.7643,30
4035,25.27745,1.375517,821.9242,995.7643,30
4037,25.27745,1.375517,821.9242,995.7643,30
4039,25.27745,1.375517,821.9242,995.7643,30
4041,25.27745,1.375518,821.9242,995.7643,30
4043,25.27745,1.375518,821.9242,995.7643,30
4045,25.27745,1.375517,821.9242,995.7643,30
4047,25.27745,1.375517,821.9242,995.7643,30
4049,25.27745,1.375517,821.9242,995.7643,30
4051,25.27745,1.375519,821.9242,995.7643,30
4053,25.27745,1.375519,821.9242,995.7643,30
4055,25.27745,1.375519,821.9242,995.7643,30
4057,25.27745,1.375518,821.9242,995.7643,30
4059,25.27745,1.375518,821.9242,995.7643,30
4061,25.27745,1.375519,821.9242,995.7643,30
4063,25.27745,1.375519,821.9242,995.7643,30
4065,25.27745,1.375519,821.9242,995.7643,30
4067,25.27745,1.375519,821.9242,995.7643,30
4069,25.27745,1.375519,821.9242,995.7643,30
4071,25.27745,1.375519,821.9242,995.7643,30
4073,25.27745,1.375519,821.9242,995.7643,30
4075,25.27745,1.375519,821.9242,995.7643,30
4077,25.27745,1.375518,821.9242,995.7643,30
4079,25.27745,1.375518,821.9242,995.7643,30
4081,25.27745,1.375518,821.9242,995.7643,30
4083,25.27745,1.375518,821.9242,995.7643,30
4085,25.27745,1.375518,821.9242,995.7643,30
4087,25.27745,1.375518,821.9242,995.7643,30
4089,25.27745,1.375518,821.9242,995.7643,30
4091,25.27745,1.375517,821.9242,995.7643,30
4093,25.27745,1.375517,821.9242,995.7643,30
4095,25.27745,1.375517,821.9242,995.7643,30
4097,25.27745,1.375518,821.9242,995.7643,30
4099,25.27745,1.375518,821.9242,995.7643,30
4101,25.27745,1.375518,821.9242,995.7643,30
4103,25.27745,1.375518,821.9242,995.7643,30
4105,25.27745,1.375518,821.9242,995.7643,30
4107,25.27745,1.375517,821.9242,995.7643,30
4109,25.27745,1.375517,821.9242,995.7643,30
4111,25.27745,1.375518,821.9242,995.7643,30
4113,25.27745,1.375518,821.9242,995.7643,30
4115,25.27745,1.375518,821.9242,995.7643,30
4117,25.27745,1.375517,821.9242,995.7643,30
4119,25.27745,1.375517,821.9242,995.7643,30
4121,25.27745,1.375517,821.9242,995.7643,30
4123,25.27745,1.375517,821.9242,995.7643,30
4125,25.27745,1.375517,821.9242,995.7643,30
4127,25.27745,1.375517,821.9242,995.7643,30
4129,25.27745,1.375517,821.9242,995.7643,30
4131,25.27745,1.375517,821.9242,995.7643,30
4133,25.27745,1.375517,821.9242,995.7643,30
4135,25.27745,1.375517,821.9242,995.7643,30
4137,25.27745,1.375517,821.9242,995.7643,30
4139,25.27745,1.375517,821.9242,995.7643,30
4141,25.27745,1.375516,821.9242,995.7643,30
4143,25.27745,1.375516,821.9242,995.7643,30
4145,25.27745,1.375516,821.9242,995.7643,30
4147,25.27745,1.375516,821.9242,995.7643,30
4149,25.27745,1.375516,821.9242,995.7643,30
4151,25.27745,1.375517,821.9242,995.7643,30
4153,25.27745,1.375517,821.9242,995.7643,30
4155,25.27745,1.375517,821.9242,995.7643,30
4157,25.27745,1.375518,821.9242,995.7643,30
4159,25.27745,1.375518,821.9242,995.7643,30
4161,25.27745,1.375519,821.9242,995.7643,30
4163,25.27745,1.375519,821.9242,995.7643,30
4165,25.27745,1.375519,821.9242,995.7643,30
4167,25.27745,1.375518,821.9242,995.7643,30
4169,25.27745,1.375518,821.9242,995.7643,30
4171,25.27745,1.375521,821.9242,995.7643,30
4173,25.27745,1.375521,821.9242,995.7643,30
4175,25.27745,1.375521,821.9242,995.7643,30
4177,25.27745,1.37552,821.9242,995.7643,30
4179,25.27745,1.37552,821.9242,995.7643,30
4181,25.27745,1.37552,821.9242,995.7643,30
4183,25.27745,1.37552,821.9242,995.7643,30
4185,25.27745,1.37552,821.9242,995.7643,30
4187,25.27745,1.375519,821.9242,995.7643,30
4189,25.27745,1.375519,821.9242,995.7643,30
4191,25.27745,1.375519,821.9242,995.7643,30
4193,25.27745,1.375519,821.9242,995.7643,30
4195,25.27745,1.375519,821.9242,995.7643,30
4197,25.27745,1.375521,821.9242,995.7643,30
4199,25.27745,1.375521,821.9242,995.7643,30
4201,25.27745,1.375519,821.9242,995.7643,30
4203,25.27745,1.375519,821.9242,995.7643,30
4205,25.27745,1.375519,821.9242,995.7643,30
4207,25.27745,1.375519,821.9242,995.7643,30
4209,25.27745,1.375519,821.9242,995.7643,30
4211,25.27745,1.375519,821.9242,995.7643,30
4213,25.27745,1.375519,821.9242,995.7643,30
4215,25.27745,1.375519,821.9242,995.7643,30
4217,25.27745,1.37552,821.9242,995.7643,30
4219,25.27745,1.37552,821.9242,995.7643,30
4221,25.27745,1.375518,821.9242,995.7643,30
4223,25.27745,1.375518,821.9242,995.7643,30
4225,25.27745,1.375518,821.9242,995.7643,30
4227,25.27745,1.375519,821.9242,995.7643,30
4229,25.27745,1.375519,821.9242,995.7643,30
4231,25.27745,1.375519,821.9242,995.7643,30
4233,25.27745,1.375519,821.9242,995.7643,30
4235,25.27745,1.375519,821.9242,995.7643,30
4237,25.27745,1.375519,821.9242,995.7643,30
4239,25.27745,1.375519,821.9242,995.7643,30
4241,25.27745,1.37552,821.9242,995.7643,30
4243,25.27745,1.37552,821.9242,995.7643,30
4245,25.27745,1.37552,821.9242,995.7643,30
4247,25.27745,1.37552,821.9242,995.7643,30
4249,25.27745,1.37552,821.9242,995.7643,30
4251,25.27745,1.37552,821.9242,995.7643,30
4253,25.27745,1.37552,821.9242,995.7643,30
4255,25.27745,1.37552,821.9242,995.7643,30
4257,25.27745,1.37552,821.9242,995.7643,30
4259,25.27745,1.37552,821.9242,995.7643,30
4261,25.27745,1.375519,821.9242,995.7643,30
4263,25.27745,1.375519,821.9242,995.7643,30
4265,25.27745,1.375519,821.9242,995.7643,30
4267,25.27745,1.375517,821.9242,995.7643,30
4269,25.27745,1.375517,821.9242,995.7643,30
4271,25.27745,1.375518,821.9242,995.7643,30
4273,25.27745,1.375518,821.9242,995.7643,30
4275,25.27745,1.375518,821.9242,995.7643,30
4277,25.27745,1.375518,821.9242,995.7643,30
4279,25.27745,1.375518,821.9242,995.7643,30
4281,25.27745,1.375519,821.9242,995.7643,30
4283,25.27745,1.375519,821.9242,995.7643,30
4285,25.27745,1.375519,821.9242,995.7643,30
4287,25.27745,1.375519,821.9242,995.7643,30
4289,25.27745,1.375519,821.9242,995.7643,30
4291,25.27745,1.375518,821.9242,995.7643,30
4293,25.27745,1.375518,821.9242,995.7643,30
4295,25.27745,1.375518,821.9242,995.7643,30
4297,25.27745,1.375517,821.9242,995.7643,30
4299,25.27745,1.375517,821.9242,995.7643,30
4301,25.27745,1.375517,821.9242,995.7643,30
4303,25.27745,1.375517,821.9242,995.7643,30
4305,25.27745,1.375517,821.9242,995.7643,30
4307,25.27745,1.375515,821.9242,995.7643,30
4309,25.27745,1.375515,821.9242,995.7643,30
4311,25.27745,1.375515,821.9242,995.7643,30
4313,25.27745,1.375516,821.9242,995.7643,30
4315,25.27745,1.375516,821.9242,995.7643,30
4317,25.27745,1.375516,821.9242,995.7643,30
4319,25.27745,1.375516,821.9242,995.7643,30
4321,25.27745,1.375516,821.9242,995.7643,30
4323,25.27745,1.375443,821.9244,995.7643,30
4325,25.27745,1.375443,821.9244,995.7643,30
4327,25.27745,1.37551,821.9244,995.7643,30
4329,25.27745,1.37551,821.9244,995.7643,30
4331,25.27745,1.37551,821.9244,995.7643,30
4333,25.27745,1.375514,821.9244,995.7643,30
4335,25.27745,1.375514,821.9244,995.7643,30
4337,25.27745,1.375516,821.9244,995.7643,30
4339,25.27745,1.375516,821.9244,995.7643,30
4341,25.27745,1.375516,821.9244,995.7643,30
4343,25.27745,1.375517,821.9244,995.7643,30
4345,25.27745,1.375517,821.9244,995.7643,30
4347,25.27745,1.375517,821.9244,995.7643,30
4349,25.27745,1.375517,821.9244,995.7643,30
4351,25.27745,1.375517,821.9244,995.7643,30
4353,25.27745,1.37552,821.9244,995.7643,30
4355,25.27745,1.37552,821.9244,995.7643,30
4357,25.27745,1.375518,821.9244,995.7643,30
4359,25.27745,1.375518,821.9244,995.7643,30
4361,25.27745,1.375518,821.9244,995.7643,30
4363,25.27745,1.375517,821.9244,995.7643,30
4365,25.27745,1.375517,821.9244,995.7643,30
4367,25.27745,1.375516,821.9244,995.7643,30
4369,25.27745,1.375516,821.9244,995.7643,30
4371,25.27745,1.375516,821.9244,995.7643,30
4373,25.27745,1.375515,821.9244,995.7643,30
4375,25.27745,1.375515,821.9244,995.7643,30
4377,25.27745,1.375516,821.9244,995.7643,30
4379,25.27745,1.375516,821.9244,995.7643,30
4381,25.27745,1.375516,821.9244,995.7643,30
4383,25.27745,1.375516,821.9244,995.7643,30
4385,25.27745,1.375516,821.9244,995.7643,30
4387,25.27745,1.375517,821.9244,995.7643,30
4389,25.27745,1.375517,821.9244,995.7643,30
4391,25.27745,1.375517,821.9244,995.7643,30
4393,25.27745,1.375518,821.9244,995.7643,30
4395,25.27745,1.375518,821.9244,995.7643,30
4397,25.27745,1.375516,821.9244,995.7643,30
4399,25.27745,1.375516,821.9244,995.7643,30
4401,25.27745,1.375516,821.9244,995.7643,30
4403,25.27745,1.375516,821.9244,995.7643,30
4405,25.27745,1.375516,821.9244,995.7643,30
4407,25.27745,1.375448,821.9244,995.7643,30
4409,25.27745,1.375448,821.9244,995.7643,30
4411,25.27745,1.375448,821.9244,995.7643,30
4413,25.27745,1.375445,821.9246,995.7643,30
4415,25.27745,1.375445,821.9246,995.7643,30
4417,25.27745,1.375447,821.9246,995.7643,30
4419,25.27745,1.375447,821.9246,995.7643,30
4421,25.27745,1.375447,821.9246,995.7643,30
4423,25.27745,1.375511,821.9246,995.7643,30
4425,25.27745,1.375511,821.9246,995.7643,30
4427,25.27745,1.375513,821.9246,995.7643,30
4429,25.27745,1.375513,821.9246,995.7643,30
4431,25.27745,1.375513,821.9246,995.7643,30
4433,25.27745,1.375511,821.9246,995.7643,30
4435,25.27745,1.375511,821.9246,995.7643,30
4437,25.27745,1.375512,821.9246,995.7643,30
4439,25.27745,1.375512,821.9246,995.7643,30
4441,25.27745,1.375512,821.9246,995.7643,30
4443,25.27745,1.375512,821.9246,995.7643,30
4445,25.27745,1.375512,821.9246,995.7643,30
4447,25.27745,1.375514,821.9246,995.7643,30
4449,25.27745,1.375514,821.9246,995.7643,30
4451,25.27745,1.375514,821.9246,995.7643,30
4453,25.27745,1.375516,821.9246,995.7643,30
4455,25.27745,1.375516,821.9246,995.7643,30
4457,25.27745,1.375518,821.9246,995.7643,30
4459,25.27745,1.375518,821.9246,995.7643,30
4461,25.27745,1.375518,821.9246,995.7643,30
4463,25.27745,1.375518,821.9246,995.7643,30
4465,25.27745,1.375518,821.9246,995.7643,30
4467,25.27745,1.375519,821.9246,995.7643,30
4469,25.27745,1.375519,821.9246,995.7643,30
4471,25.27745,1.375519,821.9246,995.7643,30
4473,25.27745,1.375519,821.9246,995.7643,30
4475,25.27745,1.375519,821.9246,995.7643,30
4477,25.27745,1.375519,821.9246,995.7643,30
4479,25.27745,1.375519,821.9246,995.7643,30
4481,25.27745,1.375519,821.9246,995.7643,30
4483,25.27745,1.37552,821.9246,995.7643,30
4485,25.27745,1.37552,821.9246,995.7643,30
4487,25.27745,1.375519,821.9246,995.7643,30
4489,25.27745,1.375519,821.9246,995.7643,30
4491,25.27745,1.375519,821.9246,995.7643,30
4493,25.27745,1.375517,821.9246,995.7643,30
4495,25.27745,1.375517,821.9246,995.7643,30
4497,25.27745,1.375516,821.9246,995.7643,30
4499,25.27745,1.375516,821.9246,995.7643,30
4501,25.27745,1.375516,821.9246,995.7643,30
4503,25.27745,1.375516,821.9246,995.7643,30
4505,25.27745,1.375516,821.9246,995.7643,30
4507,25.27745,1.375517,821.9246,995.7643,30
4509,25.27745,1.375517,821.9246,995.7643,30
4511,25.27745,1.375517,821.9246,995.7643,30
4513,25.27745,1.375517,821.9246,995.7643,30
4515,25.27745,1.375517,821.9246,995.7643,30
4517,25.27745,1.375515,821.9246,995.7643,30
4519,25.27745,1.375515,821.9246,995.7643,30
4521,25.27745,1.375515,821.9246,995.7643,30
4523,25.27745,1.375514,821.9246,995.7643,30
4525,25.27745,1.375514,821.9246,995.7643,30
4527,25.27745,1.375517,821.9246,995.7643,30
4529,25.27745,1.375517,821.9246,995.7643,30
4531,25.27745,1.375517,821.9246,995.7643,30
4533,25.27745,1.375517,821.9246,995.7643,30
4535,25.27745,1.375517,821.9246,995.7643,30
4537,25.27745,1.375517,821.9246,995.7643,30
4539,25.27745,1.375517,821.9246,995.7643,30
4541,25.27745,1.375517,821.9246,995.7643,30
4543,25.27745,1.375518,821.9246,995.7643,30
4545,25.27745,1.375518,821.9246,995.7643,30
4547,25.27745,1.375517,821.9246,995.7643,30
4549,25.27745,1.375517,821.9246,995.7643,30
4551,25.27745,1.375517,821.9246,995.7643,30
4553,25.27745,1.375517,821.9246,995.7643,30
4555,25.27745,1.375517,821.9246,995.7643,30
4557,25.27745,1.375517,821.9246,995.7643,30
4559,25.27745,1.375518,821.9246,995.7643,30
4561,25.27745,1.375518,821.9246,995.7643,30
4563,25.27745,1.375517,821.9246,995.7643,30
4565,25.27745,1.375517,821.9246,995.7643,30
4567,25.27745,1.375517,821.9246,995.7643,30
4569,25.27745,1.375517,821.9246,995.7643,30
4571,25.27745,1.375517,821.9246,995.7643,30
4573,25.27745,1.375516,821.9246,995.7643,30
4575,25.27745,1.375516,821.9246,995.7643,30
4577,25.27745,1.375516,821.9246,995.7643,30
4579,25.27745,1.375517,821.9246,995.7643,30
4581,25.27745,1.375517,821.9246,995.7643,30
4583,25.27745,1.375516,821.9246,995.7643,30
4585,25.27745,1.375516,821.9246,995.7643,30
4587,25.27745,1.375516,821.9246,995.7643,30
4589,25.27745,1.375515,821.9246,995.7643,30
4591,25.27745,1.375515,821.9246,995.7643,30
4593,25.27745,1.375516,821.9246,995.7643,30
4595,25.27745,1.375516,821.9246,995.7643,30
4597,25.27745,1.375516,821.9246,995.7643,30
4599,25.27745,1.375516,821.9246,995.7643,30
4601,25.27745,1.375516,821.9246,995.7643,30
4603,25.27745,1.375517,821.9246,995.7643,30
4605,25.27745,1.375517,821.9246,995.7643,30
4607,25.27745,1.375517,821.9246,995.7643,30
4609,25.27745,1.375516,821.9246,995.7643,30
4611,25.27745,1.375516,821.9246,995.7643,30
4613,25.27745,1.375517,821.9246,995.7643,30
4615,25.27745,1.375517,821.9246,995.7643,30
4617,25.27745,1.375517,821.9246,995.7643,30
4619,25.27745,1.375517,821.9246,995.7643,30
4621,25.27745,1.375517,821.9246,995.7643,30
4623,25.27745,1.375517,821.9246,995.7643,30
4625,25.27745,1.375517,821.9246,995.7643,30
4627,25.27745,1.375517,821.9246,995.7643,30
4629,25.27745,1.375516,821.9246,995.7643,30
4631,25.27745,1.375516,821.9246,995.7643,30
4633,25.27745,1.375516,821.9246,995.7643,30
4635,25.27745,1.375516,821.9246,995.7643,30
4637,25.27745,1.375516,821.9246,995.7643,30
4639,25.27745,1.375517,821.9246,995.7643,30
4641,25.27745,1.375517,821.9246,995.7643,30
4643,25.27745,1.375516,821.9246,995.7643,30
4645,25.27745,1.375516,821.9246,995.7643,30
4647,25.27745,1.375516,821.9246,995.7643,30
4649,25.27745,1.375517,821.9246,995.7643,30
4651,25.27745,1.375517,821.9246,995.7643,30
4653,25.27745,1.375517,821.9246,995.7643,30
4655,25.27745,1.375517,821.9246,995.7643,30
4657,25.27745,1.375517,821.9246,995.7643,30
4659,25.27745,1.375516,821.9246,995.7643,30
4661,25.27745,1.375516,821.9246,995.7643,30
4663,25.27745,1.375516,821.9246,995.7643,30
4665,25.27745,1.375516,821.9246,995.7643,30
4667,25.27745,1.375516,821.9246,995.7643,30
4669,25.27745,1.375517,821.9246,995.7643,30
4671,25.27745,1.375517,821.9246,995.7643,30
4673,25.27745,1.375516,821.9246,995.7643,30
4675,25.27745,1.375516,821.9246,995.7643,30
4677,25.27745,1.375516,821.9246,995.7643,30
4679,25.27745,1.375518,821.9246,995.7643,30
4681,25.27745,1.375518,821.9246,995.7643,30
4683,25.27745,1.375514,821.9246,995.7643,30
4685,25.27745,1.375514,821.9246,995.7643,30
4687,25.27745,1.375514,821.9246,995.7643,30
4689,25.27745,1.375514,821.9246,995.7643,30
4691,25.27745,1.375514,821.9246,995.7643,30
4693,25.27745,1.375516,821.9246,995.7643,30
4695,25.27745,1.375516,821.9246,995.7643,30
4697,25.27745,1.375516,821.9246,995.7643,30
4699,25.27745,1.375517,821.9246,995.7643,30
4701,25.27745,1.375517,821.9246,995.7643,30
4703,25.27745,1.375517,821.9246,995.7643,30
4705,25.27745,1.375517,821.9246,995.7643,30
4707,25.27745,1.375517,821.9246,995.7643,30
4709,25.27745,1.375517,821.9246,995.7643,30
4711,25.27745,1.375517,821.9246,995.7643,30
4713,25.27745,1.375519,821.9246,995.7643,30
4715,25.27745,1.375519,821.9246,995.7643,30
4717,25.27745,1.375519,821.9246,995.7643,30
4719,25.27745,1.375519,821.9246,995.7643,30
4721,25.27745,1.375519,821.9246,995.7643,30
4723,25.27745,1.375519,821.9246,995.7643,30
4725,25.27745,1.375519,821.9246,995.7643,30
4727,25.27745,1.375519,821.9246,995.7643,30
4729,25.27745,1.375518,821.9246,995.7643,30
4731,25.27745,1.375518,821.9246,995.7643,30
4733,25.27745,1.37552,821.9246,995.7643,30
4735,25.27745,1.37552,821.9246,995.7643,30
4737,25.27745,1.37552,821.9246,995.7643,30
4739,25.27745,1.37552,821.9246,995.7643,30
4741,25.27745,1.37552,821.9246,995.7643,30
4743,25.27745,1.37552,821.9246,995.7643,30
4745,25.27745,1.37552,821.9246,995.7643,30
4747,25.27745,1.37552,821.9246,995.7643,30
4749,25.27745,1.375521,821.9246,995.7643,30
4751,25.27745,1.375521,821.9246,995.7643,30
4753,25.27745,1.37552,821.9246,995.7643,30
4755,25.27745,1.37552,821.9246,995.7643,30
4757,25.27745,1.37552,821.9246,995.7643,30
4759,25.27745,1.375518,821.9246,995.7643,30
4761,25.27745,1.375518,821.9246,995.7643,30
4763,25.27745,1.375517,821.9246,995.7643,30
4765,25.27745,1.375517,821.9246,995.7643,30
4767,25.27745,1.375517,821.9246,995.7643,30
4769,25.27745,1.375516,821.9246,995.7643,30
4771,25.27745,1.375516,821.9246,995.7643,30
4773,25.27745,1.375516,821.9246,995.7643,30
4775,25.27745,1.375516,821.9246,995.7643,30
4777,25.27745,1.375516,821.9246,995.7643,30
4779,25.27745,1.375516,821.9246,995.7643,30
4781,25.27745,1.375516,821.9246,995.7643,30
4783,25.27745,1.375517,821.9246,995.7643,30
4785,25.27745,1.375517,821.9246,995.7643,30
4787,25.27745,1.375517,821.9246,995.7643,30
4789,25.27745,1.375519,821.9246,995.7643,30
4791,25.27745,1.375519,821.9246,995.7643,30
4793,25.27745,1.375518,821.9246,995.7643,30
4795,25.27745,1.375518,821.9246,995.7643,30
4797,25.27745,1.375518,821.9246,995.7643,30
4799,25.27745,1.375516,821.9246,995.7643,30
4801,25.27745,1.375516,821.9246,995.7643,30
4803,25.27745,1.375517,821.9246,995.7643,30
4805,25.27745,1.375517,821.9246,995.7643,30
4807,25.27745,1.375517,821.9246,995.7643,30
4809,25.27745,1.375515,821.9246,995.7643,30
4811,25.27745,1.375515,821.9246,995.7643,30
4813,25.27745,1.375515,821.9246,995.7643,30
4815,25.27745,1.375517,821.9246,995.7643,30
4817,25.27745,1.375517,821.9246,995.7643,30
4819,25.27745,1.375517,821.9246,995.7643,30
4821,25.27745,1.375517,821.9246,995.7643,30
4823,25.27745,1.375517,821.9246,995.7643,30
4825,25.27745,1.375518,821.9246,995.7643,30
4827,25.27745,1.375518,821.9246,995.7643,30
4829,25.27745,1.375518,821.9246,995.7643,30
4831,25.27745,1.375518,821.9246,995.7643,30
4833,25.27745,1.375518,821.9246,995.7643,30
4835,25.27745,1.375518,821.9246,995.7643,30
4837,25.27745,1.375518,821.9246,995.7643,30
4839,25.27745,1.375519,821.9246,995.7643,30
4841,25.27745,1.375519,821.9246,995.7643,30
4843,25.27745,1.375519,821.9246,995.7643,30
4845,25.27745,1.375517,821.9246,995.7643,30
4847,25.27745,1.375517,821.9246,995.7643,30
4849,25.27745,1.375519,821.9246,995.7643,30
4851,25.27745,1.375519,821.9246,995.7643,30
4853,25.27745,1.375519,821.9246,995.7643,30
4855,25.27745,1.37552,821.9246,995.7643,30
4857,25.27745,1.37552,821.9246,995.7643,30
4859,25.27745,1.37552,821.9246,995.7643,30
4861,25.27745,1.37552,821.9246,995.7643,30
4863,25.27745,1.37552,821.9246,995.7643,30
4865,25.27745,1.375519,821.9246,995.7643,30
4867,25.27745,1.375519,821.9246,995.7643,30
4869,25.27745,1.375518,821.9246,995.7643,30
4871,25.27745,1.375518,821.9246,995.7643,30
4873,25.27745,1.375518,821.9246,995.7643,30
4875,25.27745,1.375518,821.9246,995.7643,30
4877,25.27745,1.375518,821.9246,995.7643,30
4879,25.27745,1.375518,821.9246,995.7643,30
4881,25.27745,1.375518,821.9246,995.7643,30
4883,25.27745,1.375518,821.9246,995.7643,30
4885,25.27745,1.375519,821.9246,995.7643,30
4887,25.27745,1.375519,821.9246,995.7643,30
4889,25.27745,1.375518,821.9246,995.7643,30
4891,25.27745,1.375518,821.9246,995.7643,30
4893,25.27745,1.375518,821.9246,995.7643,30
4895,25.27745,1.375519,821.9246,995.7643,30
4897,25.27745,1.375519,821.9246,995.7643,30
4899,25.27745,1.37552,821.9246,995.7643,30
4901,25.27745,1.37552,821.9246,995.7643,30
4903,25.27745,1.37552,821.9246,995.7643,30
4905,25.27745,1.375519,821.9246,995.7643,30
4907,25.27745,1.375519,821.9246,995.7643,30
4909,25.27745,1.375516,821.9246,995.7643,30
4911,25.27745,1.375516,821.9246,995.7643,30
4913,25.27745,1.375516,821.9246,995.7643,30
4915,25.27745,1.375517,821.9246,995.7643,30
4917,25.27745,1.375517,821.9246,995.7643,30
4919,25.27745,1.375519,821.9246,995.7643,30
4921,25.27745,1.375519,821.9246,995.7643,30
4923,25.27745,1.375519,821.9246,995.7643,30
4925,25.27745,1.37552,821.9246,995.7643,30
4927,25.27745,1.37552,821.9246,995.7643,30
4929,25.27745,1.375519,821.9246,995.7643,30
4931,25.27745,1.375519,821.9246,995.7643,30
4933,25.27745,1.375519,821.9246,995.7643,30
4935,25.27745,1.375517,821.9246,995.7643,30
4937,25.27745,1.375517,821.9246,995.7643,30
4939,25.27745,1.375516,821.9246,995.7643,30
4941,25.27745,1.375516,821.9246,995.7643,30
4943,25.27745,1.375516,821.9246,995.7643,30
4945,25.27745,1.375518,821.9246,995.7643,30
4947,25.27745,1.375518,821.9246,995.7643,30
4949,25.27745,1.375519,821.9246,995.7643,30
4951,25.27745,1.375519,821.9246,995.7643,30
4953,25.27745,1.375519,821.9246,995.7643,30
4955,25.27745,1.375518,821.9246,995.7643,30
4957,25.27745,1.375518,821.9246,995.7643,30
4959,25.27745,1.375518,821.9246,995.7643,30
4961,25.27745,1.375518,821.9246,995.7643,30
4963,25.27745,1.375518,821.9246,995.7643,30
4965,25.27745,1.37552,821.9246,995.7643,30
4967,25.27745,1.37552,821.9246,995.7643,30
4969,25.27745,1.375519,821.9246,995.7643,30
4971,25.27745,1.375519,821.9246,995.7643,30
4973,25.27745,1.375519,821.9246,995.7643,30
4975,25.27745,1.375517,821.9246,995.7643,30
4977,25.27745,1.375517,821.9246,995.7643,30
4979,25.27745,1.375517,821.9246,995.7643,30
4981,25.27745,1.375517,821.9246,995.7643,30
4983,25.27745,1.375517,821.9246,995.7643,30
4985,25.27745,1.375517,821.9246,995.7643,30
4987,25.27745,1.375517,821.9246,995.7643,30
4989,25.27745,1.375518,821.9246,995.7643,30
4991,25.27745,1.375518,821.9246,995.7643,30
4993,25.27745,1.375518,821.9246,995.7643,30
4995,25.27745,1.375518,821.9246,995.7643,30
4997,25.27745,1.375518,821.9246,995.7643,30
4999,25.27745,1.375518,821.9246,995.7643,30
5001,25.27745,1.375518,821.9246,995.7643,30
5003,25.27745,1.375518,821.9246,995.7643,30
5005,25.27745,1.375519,821.9246,995.7643,30
5007,25.27745,1.375519,821.9246,995.7643,30
5009,25.27745,1.375517,821.9246,995.7643,30
5011,25.27745,1.375517,821.9246,995.7643,30
5013,25.27745,1.375517,821.9246,995.7643,30
5015,25.27745,1.375517,821.9246,995.7643,30
5017,25.27745,1.375517,821.9246,995.7643,30
5019,25.27745,1.375517,821.9246,995.7643,30
5021,25.27745,1.375517,821.9246,995.7643,30
5023,25.27745,1.375517,821.9246,995.7643,30
5025,25.27745,1.375518,821.9246,995.7643,30
5027,25.27745,1.375518,821.9246,995.7643,30
5029,25.27745,1.375518,821.9246,995.7643,30
5031,25.27745,1.375518,821.9246,995.7643,30
5033,25.27745,1.375518,821.9246,995.7643,30
5035,25.27745,1.375519,821.9246,995.7643,30
5037,25.27745,1.375519,821.9246,995.7643,30
5039,25.27745,1.37552,821.9246,995.7643,30
5041,25.27745,1.37552,821.9246,995.7643,30
5043,25.27745,1.37552,821.9246,995.7643,30
5045,25.27745,1.375518,821.9246,995.7643,30
5047,25.27745,1.375518,821.9246,995.7643,30
5049,25.27745,1.375517,821.9246,995.7643,30
5051,25.27745,1.375517,821.9246,995.7643,30
5053,25.27745,1.375517,821.9246,995.7643,30
5055,25.27745,1.375517,821.9246,995.7643,30
5057,25.27745,1.375517,821.9246,995.7643,30
5059,25.27745,1.375517,821.9246,995.7643,30
5061,25.27745,1.375519,821.9246,995.7643,30
5063,25.27745,1.375519,821.9246,995.7643,30
5065,25.27745,1.375518,821.9246,995.7643,30
5067,25.27745,1.375518,821.9246,995.7643,30
5069,25.27745,1.375518,821.9246,995.7643,30
5071,25.27745,1.375518,821.9246,995.7643,30
5073,25.27745,1.375518,821.9246,995.7643,30
5075,25.27745,1.375519,821.9246,995.7643,30
5077,25.27745,1.375519,821.9246,995.7643,30
5079,25.27745,1.375519,821.9246,995.7643,30
5081,25.27745,1.37552,821.9246,995.7643,30
5083,25.27745,1.37552,821.9246,995.7643,30
5085,25.27745,1.37552,821.9246,995.7643,30
5087,25.27745,1.37552,821.9246,995.7643,30
5089,25.27745,1.37552,821.9246,995.7643,30
5091,25.27745,1.37552,821.9246,995.7643,30
5093,25.27745,1.37552,821.9246,995.7643,30
5095,25.27745,1.375518,821.9246,995.7643,30
5097,25.27745,1.375518,821.9246,995.7643,30
5099,25.27745,1.375518,821.9246,995.7643,30
5101,25.27745,1.375518,821.9246,995.7643,30
5103,25.27745,1.375518,821.9246,995.7643,30
5105,25.27745,1.375518,821.9246,995.7643,30
5107,25.27745,1.375518,821.9246,995.7643,30
5109,25.27745,1.375518,821.9246,995.7643,30
5111,25.27745,1.375518,821.9246,995.7643,30
5113,25.27745,1.375518,821.9246,995.7643,30
5115,25.27745,1.375518,821.9246,995.7643,30
5117,25.27745,1.375518,821.9246,995.7643,30
5119,25.27745,1.375518,821.9246,995.7643,30
5121,25.27745,1.375519,821.9246,995.7643,30
5123,25.27745,1.375519,821.9246,995.7643,30
5125,25.27745,1.375519,821.9246,995.7643,30
5127,25.27745,1.375519,821.9246,995.7643,30
5129,25.27745,1.375519,821.9246,995.7643,30
5131,25.27745,1.375519,821.9246,995.7643,30
5133,25.27745,1.375519,821.9246,995.7643,30
5135,25.27745,1.37552,821.9246,995.7643,30
5137,25.27745,1.37552,821.9246,995.7643,30
5139,25.27745,1.37552,821.9246,995.7643,30
5141,25.27745,1.375521,821.9246,995.7643,30
5143,25.27745,1.375521,821.9246,995.7643,30
5145,25.27745,1.37552,821.9246,995.7643,30
5147,25.27745,1.37552,821.9246,995.7643,30
5149,25.27745,1.37552,821.9246,995.7643,30
5151,25.27745,1.37552,821.9246,995.7643,30
5153,25.27745,1.37552,821.9246,995.7643,30
5155,25.27745,1.37552,821.9246,995.7643,30
5157,25.27745,1.37552,821.9246,995.7643,30
5159,25.27745,1.37552,821.9246,995.7643,30
5161,25.27745,1.375519,821.9246,995.7643,30
5163,25.27745,1.375519,821.9246,995.7643,30
5165,25.27745,1.375518,821.9246,995.7643,30
5167,25.27745,1.375518,821.9246,995.7643,30
5169,25.27745,1.375518,821.9246,995.7643,30
5171,25.27745,1.375517,821.9246,995.7643,30
5173,25.27745,1.375517,821.9246,995.7643,30
5175,25.27745,1.375517,821.9246,995.7643,30
5177,25.27745,1.375517,821.9246,995.7643,30
5179,25.27745,1.375517,821.9246,995.7643,30
5181,25.27745,1.375516,821.9246,995.7643,30
5183,25.27745,1.375516,821.9246,995.7643,30
5185,25.27745,1.375516,821.9246,995.7643,30
5187,25.27745,1.375516,821.9246,995.7643,30
5189,25.27745,1.375516,821.9246,995.7643,30
5191,25.27745,1.375515,821.9246,995.7643,30
5193,25.27745,1.375515,821.9246,995.7643,30
5195,25.27745,1.375515,821.9246,995.7643,30
5197,25.27745,1.375515,821.9246,995.7643,30
5199,25.27745,1.375515,821.9246,995.7643,30
5201,25.27745,1.375516,821.9246,995.7643,30
5203,25.27745,1.375516,821.9246,995.7643,30
5205,25.27745,1.375518,821.9246,995.7643,30
5207,25.27745,1.375518,821.9246,995.7643,30
5209,25.27745,1.375518,821.9246,995.7643,30
5211,25.27745,1.375517,821.9246,995.7643,30
5213,25.27745,1.375517,821.9246,995.7643,30
5215,25.27745,1.375517,821.9246,995.7643,30
5217,25.27745,1.375517,821.9246,995.7643,30
5219,25.27745,1.375517,821.9246,995.7643,30
5221,25.27745,1.375517,821.9246,995.7643,30
5223,25.27745,1.375517,821.9246,995.7643,30
5225,25.27745,1.375519,821.9246,995.7643,30
5227,25.27745,1.375519,821.9246,995.7643,30
5229,25.27745,1.375519,821.9246,995.7643,30
5231,25.27745,1.375517,821.9246,995.7643,30
5233,25.27745,1.375517,821.9246,995.7643,30
5235,25.27745,1.375516,821.9246,995.7643,30
5237,25.27745,1.375516,821.9246,995.7643,30
5239,25.27745,1.375516,821.9246,995.7643,30
5241,25.27745,1.375518,821.9246,995.7643,30
5243,25.27745,1.375518,821.9246,995.7643,30
5245,25.27745,1.375517,821.9246,995.7643,30
5247,25.27745,1.375517,821.9246,995.7643,30
5249,25.27745,1.375517,821.9246,995.7643,30
5251,25.27745,1.375518,821.9246,995.7643,30
5253,25.27745,1.375518,821.9246,995.7643,30
5255,25.27745,1.375436,821.9249,995.7643,30
5257,25.27745,1.375436,821.9249,995.7643,30
5259,25.27745,1.375436,821.9249,995.7643,30
5261,25.27745,1.375442,821.9249,995.7643,30
5263,25.27745,1.375442,821.9249,995.7643,30
5265,25.27745,1.375447,821.9249,995.7643,30
5267,25.27745,1.375447,821.9249,995.7643,30
5269,25.27745,1.375447,821.9249,995.7643,30
5271,25.27745,1.375514,821.9249,995.7643,30
5273,25.27745,1.375514,821.9249,995.7643,30
5275,25.27745,1.375517,821.9249,995.7643,30
5277,25.27745,1.375517,821.9249,995.7643,30
5279,25.27745,1.375517,821.9249,995.7643,30
5281,25.27745,1.375517,821.9249,995.7643,30
5283,25.27745,1.375517,821.9249,995.7643,30
5285,25.27745,1.375518,821.9249,995.7643,30
5287,25.27745,1.375518,821.9249,995.7643,30
5289,25.27745,1.375518,821.9249,995.7643,30
5291,25.27745,1.375519,821.9249,995.7643,30
5293,25.27745,1.375519,821.9249,995.7643,30
5295,25.27745,1.375517,821.9249,995.7643,30
5297,25.27745,1.375517,821.9249,995.7643,30
5299,25.27745,1.375517,821.9249,995.7643,30
5301,25.27745,1.375518,821.9249,995.7643,30
5303,25.27745,1.375518,821.9249,995.7643,30
5305,25.27745,1.375518,821.9249,995.7643,30
5307,25.27745,1.375518,821.9249,995.7643,30
5309,25.27745,1.375518,821.9249,995.7643,30
5311,25.27745,1.37552,821.9249,995.7643,30
5313,25.27745,1.37552,821.9249,995.7643,30
5315,25.27745,1.37552,821.9249,995.7643,30
5317,25.27745,1.375519,821.9249,995.7643,30
5319,25.27745,1.375519,821.9249,995.7643,30
5321,25.27745,1.375519,821.9249,995.7643,30
5323,25.27745,1.375519,821.9249,995.7643,30
5325,25.27745,1.375519,821.9249,995.7643,30
5327,25.27745,1.375518,821.9249,995.7643,30
5329,25.27745,1.375518,821.9249,995.7643,30
5331,25.27745,1.375516,821.9249,995.7643,30
5333,25.27745,1.375516,821.9249,995.7643,30
5335,25.27745,1.375516,821.9249,995.7643,30
5337,25.27745,1.375515,821.9249,995.7643,30
5339,25.27745,1.375515,821.9249,995.7643,30
5341,25.27745,1.375515,821.9249,995.7643,30
5343,25.27745,1.375515,821.9249,995.7643,30
5345,25.27745,1.375515,821.9249,995.7643,30
5347,25.27745,1.375516,821.9249,995.7643,30
