timestamp,temperature,distance,location_x,location_y,bpm
643,26.66586,4000.0,658.7513,697.0159,30
645,26.66586,4000.0,658.7513,697.0159,30
647,26.78261,4000.0,667.7155,693.0938,30
649,26.78261,4000.0,667.7155,693.0938,30
651,26.78261,4000.0,667.7155,693.0938,30
653,26.85303,4000.0,663.0708,684.3928,30
655,26.85303,4000.0,663.0708,684.3928,30
657,26.72229,4000.0,654.5275,689.5622,30
659,26.72229,4000.0,654.5275,689.5622,30
661,26.72229,4000.0,654.5275,689.5622,30
663,26.66718,4000.0,660.1995,697.8563,30
665,26.66718,4000.0,660.1995,697.8563,30
667,26.80218,4000.0,667.863,691.5707,30
669,26.80218,4000.0,667.863,691.5707,30
671,26.80218,4000.0,667.863,691.5707,30
673,26.8393,4000.0,661.1841,684.3136,30
675,26.8393,4000.0,661.1841,684.3136,30
677,26.69996,4000.0,654.1814,691.1716,30
679,26.69996,4000.0,654.1814,691.1716,30
681,26.69996,4000.0,654.1814,691.1716,30
683,26.67653,4000.0,661.3735,697.8436,30
685,26.67653,4000.0,661.3735,697.8436,30
687,26.81687,4000.0,667.4437,690.098,30
689,26.81687,4000.0,667.4437,690.098,30
691,26.81687,4000.0,667.4437,690.098,30
693,26.82289,4000.0,659.2941,684.4408,30
695,26.82289,4000.0,659.2941,684.4408,30
697,26.67673,4000.0,653.6646,692.748,30
699,26.67673,4000.0,653.6646,692.748,30
701,26.67673,4000.0,653.6646,692.748,30
703,26.68624,4000.0,662.3299,697.6547,30
705,26.68624,4000.0,662.3299,697.6547,30
707,26.82752,4000.0,666.6238,688.7095,30
709,26.82752,4000.0,666.6238,688.7095,30
711,26.82752,4000.0,666.6238,688.7095,30
713,26.805,4000.0,657.5909,684.7996,30
715,26.805,4000.0,657.5909,684.7996,30
717,26.66317,4000.0,653.5829,693.8173,30
719,26.66317,4000.0,653.5829,693.8173,30
721,26.66317,4000.0,653.5829,693.8173,30
723,26.6926,4000.0,662.7887,697.4211,30
725,26.6926,4000.0,662.7887,697.4211,30
727,26.83031,4000.0,665.8027,687.9651,30
729,26.83031,4000.0,665.8027,687.9651,30
731,26.83031,4000.0,665.8027,687.9651,30
733,26.78813,4000.0,656.2287,685.291,30
735,26.78813,4000.0,656.2287,685.291,30
737,26.65057,4000.0,653.729,694.9616,30
739,26.65057,4000.0,653.729,694.9616,30
741,26.65057,4000.0,653.729,694.9616,30
743,26.71071,4000.0,663.5881,696.4276,30
745,26.71071,4000.0,663.5881,696.4276,30
747,26.83671,4000.0,664.4036,686.5616,30
749,26.83671,4000.0,664.4036,686.5616,30
751,26.83671,4000.0,664.4036,686.5616,30
753,26.76532,4000.0,654.6179,686.1003,30
755,26.76532,4000.0,654.6179,686.1003,30
757,26.64401,4000.0,654.328,695.9069,30
759,26.64401,4000.0,654.328,695.9069,30
761,26.64401,4000.0,654.328,695.9069,30
763,26.7278,4000.0,664.1627,695.3755,30
765,26.7278,4000.0,664.1627,695.3755,30
767,26.83854,4000.0,662.994,685.5223,30
769,26.83854,4000.0,662.994,685.5223,30
771,26.83854,4000.0,662.994,685.5223,30
773,26.74015,4000.0,653.1685,687.2044,30
775,26.74015,4000.0,653.1685,687.2044,30
777,26.63968,4000.0,655.3663,696.9613,30
779,26.63968,4000.0,655.3663,696.9613,30
781,26.63968,4000.0,655.3663,696.9613,30
783,26.75097,4000.0,664.8146,693.8701,30
785,26.75097,4000.0,664.8146,693.8701,30
787,26.75097,4000.0,664.8146,693.8701,30
789,26.83564,60.28897,661.3094,684.6903,30
791,26.83564,60.28897,661.3094,684.6903,30
793,26.71665,4000.0,652.2536,688.5241,30
795,26.71665,4000.0,652.2536,688.5241,30
797,26.71665,4000.0,652.2536,688.5241,30
799,26.6408,4000.0,656.2853,697.4789,30
801,26.6408,4000.0,656.2853,697.4789,30
803,26.76585,4000.0,664.9276,692.7105,30
805,26.76585,4000.0,664.9276,692.7105,30
807,26.76585,4000.0,664.9276,692.7105,30
809,26.82714,4000.0,659.6535,684.325,30
811,26.82714,4000.0,659.6535,684.325,30
813,26.69141,4000.0,651.4087,690.0355,30
815,26.69141,4000.0,651.4087,690.0355,30
817,26.69141,4000.0,651.4087,690.0355,30
819,26.64613,4000.0,657.5988,697.904,30
821,26.64613,4000.0,657.5988,697.904,30
823,26.78353,4000.0,664.9819,691.2863,30
825,26.78353,4000.0,664.9819,691.2863,30
827,26.78353,4000.0,664.9819,691.2863,30
829,26.81444,189.8355,658.0953,684.3575,30
831,26.81444,189.8355,658.0953,684.3575,30
833,26.67307,158.8766,651.2986,691.4739,30
835,26.67307,158.8766,651.2986,691.4739,30
837,26.67307,158.8766,651.2986,691.4739,30
839,26.65685,4000.0,658.8553,697.8377,30
841,26.65685,4000.0,658.8553,697.8377,30
843,26.7986,4000.0,664.5248,689.7564,30
845,26.7986,4000.0,664.5248,689.7564,30
847,26.7986,4000.0,664.5248,689.7564,30
849,26.79818,4000.0,656.1301,684.4105,30
851,26.79818,4000.0,656.1301,684.4105,30
853,26.6523,4000.0,650.8649,692.9006,30
855,26.6523,4000.0,650.8649,692.9006,30
857,26.6523,4000.0,650.8649,692.9006,30
859,26.67127,4000.0,659.8036,697.2552,30
861,26.67127,4000.0,659.8036,697.2552,30
863,26.81084,4000.0,663.4594,688.0776,30
865,26.81084,4000.0,663.4594,688.0776,30
867,26.81084,4000.0,663.4594,688.0776,30
869,26.77893,4000.0,654.2739,684.7681,30
871,26.77893,4000.0,654.2739,684.7681,30
873,26.64061,4000.0,651.0709,694.0089,30
875,26.64061,4000.0,651.0709,694.0089,30
877,26.64061,4000.0,651.0709,694.0089,30
879,26.69015,4000.0,660.6359,696.2246,30
881,26.69015,4000.0,660.6359,696.2246,30
883,26.82072,4000.0,662.1089,686.4127,30
885,26.82072,4000.0,662.1089,686.4127,30
887,26.82072,4000.0,662.1089,686.4127,30
889,26.75531,171.5464,652.1567,685.3014,30
891,26.75531,171.5464,652.1567,685.3014,30
893,26.62834,4000.0,651.3997,695.2503,30
895,26.62834,4000.0,651.3997,695.2503,30
897,26.62834,4000.0,651.3997,695.2503,30
899,26.71042,4000.0,661.299,694.969,30
901,26.71042,4000.0,661.299,694.969,30
903,26.82239,4000.0,660.4082,685.1928,30
905,26.82239,4000.0,660.4082,685.1928,30
907,26.82239,4000.0,660.4082,685.1928,30
909,26.73128,4000.0,650.6354,686.2554,30
911,26.73128,4000.0,650.6354,686.2554,30
913,26.62347,4000.0,651.8641,695.969,30
915,26.62347,4000.0,651.8641,695.969,30
917,26.62347,4000.0,651.8641,695.969,30
919,26.72637,4000.0,661.5579,693.8135,30
921,26.72637,4000.0,661.5579,693.8135,30
923,26.82214,4000.0,658.8608,684.2241,30
925,26.82214,4000.0,658.8608,684.2241,30
927,26.82214,4000.0,658.8608,684.2241,30
929,26.70748,4000.0,649.2921,687.306,30
931,26.70748,4000.0,649.2921,687.306,30
933,26.62377,4000.0,652.8814,696.6281,30
935,26.62377,4000.0,652.8814,696.6281,30
937,26.62377,4000.0,652.8814,696.6281,30
939,26.74673,4000.0,661.7898,692.2795,30
941,26.74673,4000.0,661.7898,692.2795,30
943,26.81567,4000.0,657.1356,683.64,30
945,26.81567,4000.0,657.1356,683.64,30
947,26.81567,4000.0,657.1356,683.64,30
949,26.6882,4000.0,648.5977,688.4207,30
951,26.6882,4000.0,648.5977,688.4207,30
953,26.63266,4000.0,653.9855,696.6252,30
955,26.63266,4000.0,653.9855,696.6252,30
957,26.63266,4000.0,653.9855,696.6252,30
959,26.7692,4000.0,661.7206,690.3826,30
961,26.7692,4000.0,661.7206,690.3826,30
963,26.80878,4000.0,655.1458,682.9135,30
965,26.80878,4000.0,655.1458,682.9135,30
967,26.80878,4000.0,655.1458,682.9135,30
969,26.66567,4000.0,647.834,689.7578,30
971,26.66567,4000.0,647.834,689.7578,30
973,26.64287,4000.0,655.1359,696.5412,30
975,26.64287,4000.0,655.1359,696.5412,30
977,26.64287,4000.0,655.1359,696.5412,30
979,26.78472,4000.0,661.3514,688.8716,30
981,26.78472,4000.0,661.3514,688.8716,30
983,26.79371,4000.0,653.5542,683.0988,30
985,26.79371,4000.0,653.5542,683.0988,30
987,26.79371,4000.0,653.5542,683.0988,30
989,26.65001,4000.0,647.8959,691.0901,30
991,26.65001,4000.0,647.8959,691.0901,30
993,26.65788,4000.0,656.4147,696.1385,30
995,26.65788,4000.0,656.4147,696.1385,30
997,26.65788,4000.0,656.4147,696.1385,30
999,26.8007,4000.0,660.7742,687.1946,30
1001,26.8007,4000.0,660.7742,687.1946,30
1003,26.77768,4000.0,651.6577,683.1569,30
1005,26.77768,4000.0,651.6577,683.1569,30
1007,26.77768,4000.0,651.6577,683.1569,30
1009,26.63314,4000.0,647.6771,692.3366,30
1011,26.63314,4000.0,647.6771,692.3366,30
1013,26.66866,4000.0,657.057,695.6653,30
1015,26.66866,4000.0,657.057,695.6653,30
1017,26.66866,4000.0,657.057,695.6653,30
1019,26.80476,4000.0,659.7645,686.2166,30
1021,26.80476,4000.0,659.7645,686.2166,30
1023,26.75788,4000.0,650.2634,683.8439,30
1025,26.75788,4000.0,650.2634,683.8439,30
1027,26.75788,4000.0,650.2634,683.8439,30
1029,26.62144,4000.0,647.8283,693.4088,30
1031,26.62144,4000.0,647.8283,693.4088,30
1033,26.67977,4000.0,657.5741,695.0818,30
1035,26.67977,4000.0,657.5741,695.0818,30
1037,26.67977,4000.0,657.5741,695.0818,30
1039,26.80865,4000.0,658.6016,685.1535,30
1041,26.80865,4000.0,658.6016,685.1535,30
1043,26.80865,4000.0,658.6016,685.1535,30
1045,26.73644,173.0727,648.638,684.5084,30
1047,26.73644,173.0727,648.638,684.5084,30
1049,26.61344,4000.0,648.3966,694.4598,30
1051,26.61344,4000.0,648.3966,694.4598,30
1053,26.61344,4000.0,648.3966,694.4598,30
1055,26.70294,4000.0,658.1973,693.5671,30
1057,26.70294,4000.0,658.1973,693.5671,30
1059,26.809,4000.0,656.6733,683.8835,30
1061,26.809,4000.0,656.6733,683.8835,30
1063,26.809,4000.0,656.6733,683.8835,30
1065,26.70973,4000.0,647.0176,685.6002,30
1067,26.70973,4000.0,647.0176,685.6002,30
1069,26.60887,4000.0,649.0133,695.259,30
1071,26.60887,4000.0,649.0133,695.259,30
1073,26.60887,4000.0,649.0133,695.259,30
1075,26.72013,4000.0,658.5045,692.3459,30
1077,26.72013,4000.0,658.5045,692.3459,30
1079,26.8042,4000.0,654.8994,683.1242,30
1081,26.8042,4000.0,654.8994,683.1242,30
1083,26.8042,4000.0,654.8994,683.1242,30
1085,26.67975,4000.0,645.7506,687.1958,30
1087,26.67975,4000.0,645.7506,687.1958,30
1089,26.60843,4000.0,650.2684,696.1464,30
1091,26.60843,4000.0,650.2684,696.1464,30
1093,26.60843,4000.0,650.2684,696.1464,30
1095,26.73793,4000.0,658.5674,690.9187,30
1097,26.73793,4000.0,658.5674,690.9187,30
1099,26.79027,4000.0,652.9186,682.963,30
1101,26.79027,4000.0,652.9186,682.963,30
1103,26.79027,4000.0,652.9186,682.963,30
1105,26.6539,4000.0,645.0407,688.8348,30
1107,26.6539,4000.0,645.0407,688.8348,30
1109,26.61288,4000.0,651.3529,696.5086,30
1111,26.61288,4000.0,651.3529,696.5086,30
1113,26.61288,4000.0,651.3529,696.5086,30
1115,26.75328,4000.0,658.4479,689.5784,30
1117,26.75328,4000.0,658.4479,689.5784,30
1119,26.77866,181.8476,651.1458,682.741,30
1121,26.77866,181.8476,651.1458,682.741,30
1123,26.77866,181.8476,651.1458,682.741,30
1125,26.63301,4000.0,644.4944,690.1823,30
1127,26.63301,4000.0,644.4944,690.1823,30
1129,26.6265,4000.0,652.4153,696.0873,30
1131,26.6265,4000.0,652.4153,696.0873,30
1133,26.6265,4000.0,652.4153,696.0873,30
1135,26.76888,4000.0,657.6334,687.772,30
1137,26.76888,4000.0,657.6334,687.772,30
1139,26.76154,4000.0,649.2156,682.8546,30
1141,26.76154,4000.0,649.2156,682.8546,30
1143,26.76154,4000.0,649.2156,682.8546,30
1145,26.61733,4000.0,644.5454,691.5115,30
1147,26.61733,4000.0,644.5454,691.5115,30
1149,26.64148,4000.0,653.5995,695.6316,30
1151,26.64148,4000.0,653.5995,695.6316,30
1153,26.64148,4000.0,653.5995,695.6316,30
1155,26.78178,4000.0,656.8478,686.2098,30
1157,26.78178,4000.0,656.8478,686.2098,30
1159,26.73842,4000.0,647.2656,683.4326,30
1161,26.73842,4000.0,647.2656,683.4326,30
1163,26.73842,4000.0,647.2656,683.4326,30
1165,26.60086,4000.0,644.845,693.0812,30
1167,26.60086,4000.0,644.845,693.0812,30
1169,26.66098,4000.0,654.5698,694.6555,30
1171,26.66098,4000.0,654.5698,694.6555,30
1173,26.66098,4000.0,654.5698,694.6555,30
1175,26.78562,4000.0,655.3636,684.9339,30
1177,26.78562,4000.0,655.3636,684.9339,30
1179,26.71158,4000.0,645.5881,684.4891,30
1181,26.71158,4000.0,645.5881,684.4891,30
1183,26.71158,4000.0,645.5881,684.4891,30
1185,26.59075,4000.0,645.4992,694.3705,30
1187,26.59075,4000.0,645.4992,694.3705,30
1189,26.68032,4000.0,655.4446,693.6304,30
1191,26.68032,4000.0,655.4446,693.6304,30
1193,26.68032,4000.0,655.4446,693.6304,30
1195,26.78727,4000.0,653.8768,683.8318,30
1197,26.78727,4000.0,653.8768,683.8318,30
1199,26.68228,4000.0,644.0985,685.8708,30
1201,26.68228,4000.0,644.0985,685.8708,30
1203,26.68228,4000.0,644.0985,685.8708,30
1205,26.5836,4000.0,646.3654,695.5605,30
1207,26.5836,4000.0,646.3654,695.5605,30
1209,26.69589,4000.0,655.7352,692.5333,30
1211,26.69589,4000.0,655.7352,692.5333,30
1213,26.69589,4000.0,655.7352,692.5333,30
1215,26.78023,4000.0,652.337,683.3955,30
1217,26.78023,4000.0,652.337,683.3955,30
1219,26.65942,4000.0,643.2337,687.1516,30
1221,26.65942,4000.0,643.2337,687.1516,30
1223,26.65942,4000.0,643.2337,687.1516,30
1225,26.58698,4000.0,647.5133,696.0636,30
1227,26.58698,4000.0,647.5133,696.0636,30
1229,26.71865,4000.0,655.9866,690.8207,30
1231,26.71865,4000.0,655.9866,690.8207,30
1233,26.71865,4000.0,655.9866,690.8207,30
1235,26.77372,4000.0,650.3344,682.6069,30
1237,26.77372,4000.0,650.3344,682.6069,30
1239,26.6348,4000.0,642.3017,688.5344,30
1241,26.6348,4000.0,642.3017,688.5344,30
1243,26.6348,4000.0,642.3017,688.5344,30
1245,26.59342,4000.0,648.5091,696.2047,30
1247,26.59342,4000.0,648.5091,696.2047,30
1249,26.73223,4000.0,655.5905,689.4438,30
1251,26.73223,4000.0,655.5905,689.4438,30
1253,26.73223,4000.0,655.5905,689.4438,30
1255,26.75874,178.5347,648.5715,682.6546,30
1257,26.75874,178.5347,648.5715,682.6546,30
1259,26.61432,4000.0,641.9278,689.9635,30
1261,26.61432,4000.0,641.9278,689.9635,30
1263,26.61432,4000.0,641.9278,689.9635,30
1265,26.6034,4000.0,649.6633,696.1562,30
1267,26.6034,4000.0,649.6633,696.1562,30
1269,26.74794,4000.0,655.1066,687.8391,30
1271,26.74794,4000.0,655.1066,687.8391,30
1273,26.74794,4000.0,655.1066,687.8391,30
1275,26.73926,4000.0,646.5049,682.8566,30
1277,26.73926,4000.0,646.5049,682.8566,30
1279,26.59342,4000.0,641.9146,691.681,30
1281,26.59342,4000.0,641.9146,691.681,30
1283,26.59342,4000.0,641.9146,691.681,30
1285,26.62109,4000.0,650.978,695.5706,30
1287,26.62109,4000.0,650.978,695.5706,30
1289,26.62109,4000.0,650.978,695.5706,30
1291,26.75854,4000.0,654.1813,686.368,30
1293,26.75854,4000.0,654.1813,686.368,30
1295,26.71676,4000.0,644.8304,683.5579,30
1297,26.71676,4000.0,644.8304,683.5579,30
1299,26.71676,4000.0,644.8304,683.5579,30
1301,26.57947,4000.0,642.3745,693.1556,30
1303,26.57947,4000.0,642.3745,693.1556,30
1305,26.64061,4000.0,652.2001,694.7672,30
1307,26.64061,4000.0,652.2001,694.7672,30
1309,26.64061,4000.0,652.2001,694.7672,30
1311,26.76811,4000.0,653.0545,684.85,30
1313,26.76811,4000.0,653.0545,684.85,30
1315,26.69113,4000.0,643.0997,684.4719,30
1317,26.69113,4000.0,643.0997,684.4719,30
1319,26.69113,4000.0,643.0997,684.4719,30
1321,26.57052,4000.0,643.0505,694.3679,30
1323,26.57052,4000.0,643.0505,694.3679,30
1325,26.66037,4000.0,652.8538,693.563,30
1327,26.66037,4000.0,652.8538,693.563,30
1329,26.66037,4000.0,652.8538,693.563,30
1331,26.76855,4000.0,651.617,683.8707,30
1333,26.76855,4000.0,651.617,683.8707,30
1335,26.66873,4000.0,641.8979,685.4794,30
1337,26.66873,4000.0,641.8979,685.4794,30
1339,26.66873,4000.0,641.8979,685.4794,30
1341,26.56977,4000.0,644.069,695.1343,30
1343,26.56977,4000.0,644.069,695.1343,30
1345,26.68652,4000.0,653.4534,691.7986,30
1347,26.68652,4000.0,653.4534,691.7986,30
1349,26.68652,4000.0,653.4534,691.7986,30
1351,26.76666,4000.0,649.5176,682.6392,30
1353,26.76666,4000.0,649.5176,682.6392,30
1355,26.63971,4000.0,640.7355,687.0563,30
1357,26.63971,4000.0,640.7355,687.0563,30
1359,26.63971,4000.0,640.7355,687.0563,30
1361,26.57895,4000.0,645.7569,695.5306,30
1363,26.57895,4000.0,645.7569,695.5306,30
1365,26.71276,4000.0,653.6569,689.7709,30
1367,26.71276,4000.0,653.6569,689.7709,30
1369,26.71276,4000.0,653.6569,689.7709,30
1371,26.75724,4000.0,647.5961,682.1276,30
1373,26.75724,4000.0,647.5961,682.1276,30
1375,26.61766,4000.0,640.4096,688.6415,30
1377,26.61766,4000.0,640.4096,688.6415,30
1379,26.61766,4000.0,640.4096,688.6415,30
1381,26.60022,4000.0,647.8433,695.1843,30
1383,26.60022,4000.0,647.8433,695.1843,30
1385,26.74519,4000.0,653.6882,687.1346,30
1387,26.74519,4000.0,653.6882,687.1346,30
1389,26.74519,4000.0,653.6882,687.1346,30
1391,26.74302,4000.0,645.3066,681.7496,30
1393,26.74302,4000.0,645.3066,681.7496,30
1395,26.59637,4000.0,640.2629,690.2946,30
1397,26.59637,4000.0,640.2629,690.2946,30
1399,26.59637,4000.0,640.2629,690.2946,30
1401,26.62007,4000.0,649.1165,694.397,30
1403,26.62007,4000.0,649.1165,694.397,30
1405,26.759,4000.0,652.5579,685.265,30
1407,26.759,4000.0,652.5579,685.265,30
1409,26.759,4000.0,652.5579,685.265,30
1411,26.72093,4000.0,643.2551,682.1575,30
1413,26.72093,4000.0,643.2551,682.1575,30
1415,26.58061,4000.0,640.3793,691.679,30
1417,26.58061,4000.0,640.3793,691.679,30
1419,26.58061,4000.0,640.3793,691.679,30
1421,26.63616,4000.0,650.0746,693.7073,30
1423,26.63616,4000.0,650.0746,693.7073,30
1425,26.76746,4000.0,651.3894,683.8093,30
1427,26.76746,4000.0,651.3894,683.8093,30
1429,26.76746,4000.0,651.3894,683.8093,30
1431,26.69819,165.0508,641.4913,682.8047,30
1433,26.69819,165.0508,641.4913,682.8047,30
1435,26.57215,4000.0,640.7876,692.6636,30
1437,26.57215,4000.0,640.7876,692.6636,30
1439,26.57215,4000.0,640.7876,692.6636,30
1441,26.654,4000.0,650.5298,692.535,30
1443,26.654,4000.0,650.5298,692.535,30
1445,26.76811,4000.0,649.9182,682.7867,30
1447,26.76811,4000.0,649.9182,682.7867,30
1449,26.76811,4000.0,649.9182,682.7867,30
1451,26.67411,4000.0,640.0977,683.8098,30
1453,26.67411,4000.0,640.0977,683.8098,30
1455,26.56664,4000.0,641.5629,693.6599,30
1457,26.56664,4000.0,641.5629,693.6599,30
1459,26.56664,4000.0,641.5629,693.6599,30
1461,26.6735,4000.0,651.2574,691.4113,30
1463,26.6735,4000.0,651.2574,691.4113,30
1465,26.76899,47.86784,648.5351,681.801,30
1467,26.76899,47.86784,648.5351,681.801,30
1469,26.76899,47.86784,648.5351,681.801,30
1471,26.65342,4000.0,639.0543,684.7784,30
1473,26.65342,4000.0,639.0543,684.7784,30
1475,26.56729,4000.0,642.2933,694.1127,30
1477,26.56729,4000.0,642.2933,694.1127,30
1479,26.56729,4000.0,642.2933,694.1127,30
1481,26.68821,4000.0,651.1907,690.1541,30
1483,26.68821,4000.0,651.1907,690.1541,30
1485,26.7607,4000.0,646.867,681.363,30
1487,26.7607,4000.0,646.867,681.363,30
1489,26.7607,4000.0,646.867,681.363,30
1491,26.63025,4000.0,638.1555,686.0505,30
1493,26.63025,4000.0,638.1555,686.0505,30
1495,26.56962,4000.0,643.2537,694.5836,30
1497,26.56962,4000.0,643.2537,694.5836,30
1499,26.56962,4000.0,643.2537,694.5836,30
1501,26.7055,4000.0,651.3964,688.8702,30
1503,26.7055,4000.0,651.3964,688.8702,30
1505,26.7505,4000.0,645.1903,681.0676,30
1507,26.7505,4000.0,645.1903,681.0676,30
1509,26.7505,4000.0,645.1903,681.0676,30
1511,26.6084,4000.0,637.629,687.4759,30
1513,26.6084,4000.0,637.629,687.4759,30
1515,26.57806,4000.0,644.3614,694.6447,30
1517,26.57806,4000.0,644.3614,694.6447,30
1519,26.57806,4000.0,644.3614,694.6447,30
1521,26.71921,4000.0,651.0256,687.5001,30
1523,26.71921,4000.0,651.0256,687.5001,30
1525,26.73599,186.2856,643.538,681.1302,30
1527,26.73599,186.2856,643.538,681.1302,30
1529,26.73599,186.2856,643.538,681.1302,30
1531,26.58856,4000.0,637.4441,688.9788,30
1533,26.58856,4000.0,637.4441,688.9788,30
1535,26.58808,4000.0,645.6185,694.6741,30
1537,26.58808,4000.0,645.6185,694.6741,30
1539,26.58808,4000.0,645.6185,694.6741,30
1541,26.73357,4000.0,650.6625,686.0865,30
1543,26.73357,4000.0,650.6625,686.0865,30
1545,26.73357,4000.0,650.6625,686.0865,30
1547,26.71759,4000.0,641.8643,681.4866,30
1549,26.71759,4000.0,641.8643,681.4866,30
1551,26.57321,4000.0,637.7547,690.4625,30
1553,26.57321,4000.0,637.7547,690.4625,30
1555,26.57321,4000.0,637.7547,690.4625,30
1557,26.6072,4000.0,646.8884,693.9517,30
1559,26.6072,4000.0,646.8884,693.9517,30
1561,26.74585,4000.0,650.0279,684.6661,30
1563,26.74585,4000.0,650.0279,684.6661,30
1565,26.74585,4000.0,650.0279,684.6661,30
1567,26.70261,4000.0,640.5761,681.8239,30
1569,26.70261,4000.0,640.5761,681.8239,30
1571,26.56382,4000.0,638.1005,691.4816,30
1573,26.56382,4000.0,638.1005,691.4816,30
1575,26.56382,4000.0,638.1005,691.4816,30
1577,26.62336,4000.0,647.9079,693.3041,30
1579,26.62336,4000.0,647.9079,693.3041,30
1581,26.75449,4000.0,649.1873,683.4072,30
1583,26.75449,4000.0,649.1873,683.4072,30
1585,26.75449,4000.0,649.1873,683.4072,30
1587,26.68243,161.9958,639.3135,682.5967,30
1589,26.68243,161.9958,639.3135,682.5967,30
1591,26.55907,4000.0,638.9175,692.447,30
1593,26.55907,4000.0,638.9175,692.447,30
1595,26.55907,4000.0,638.9175,692.447,30
1597,26.64178,4000.0,648.689,692.3061,30
1599,26.64178,4000.0,648.689,692.3061,30
1601,26.75797,4000.0,648.2065,682.4743,30
1603,26.75797,4000.0,648.2065,682.4743,30
1605,26.75797,4000.0,648.2065,682.4743,30
1607,26.66434,4000.0,638.3645,683.4139,30
1609,26.66434,4000.0,638.3645,683.4139,30
1611,26.5574,4000.0,639.8896,693.2646,30
1613,26.5574,4000.0,639.8896,693.2646,30
1615,26.5574,4000.0,639.8896,693.2646,30
1617,26.66423,4000.0,649.6211,691.0796,30
1619,26.66423,4000.0,649.6211,691.0796,30
1621,26.7583,46.84793,646.822,681.5275,30
1623,26.7583,46.84793,646.822,681.5275,30
1625,26.7583,46.84793,646.822,681.5275,30
1627,26.64044,4000.0,637.5293,684.7847,30
1629,26.64044,4000.0,637.5293,684.7847,30
1631,26.56296,4000.0,641.3417,693.8124,30
1633,26.56296,4000.0,641.3417,693.8124,30
1635,26.56296,4000.0,641.3417,693.8124,30
1637,26.68638,4000.0,650.1814,689.6301,30
1639,26.68638,4000.0,650.1814,689.6301,30
1641,26.75524,4000.0,645.5557,680.9295,30
1643,26.75524,4000.0,645.5557,680.9295,30
1645,26.75524,4000.0,645.5557,680.9295,30
1647,26.62124,4000.0,637.0703,686.0349,30
1649,26.62124,4000.0,637.0703,686.0349,30
1651,26.57133,4000.0,642.8114,694.1351,30
1653,26.57133,4000.0,642.8114,694.1351,30
1655,26.57133,4000.0,642.8114,694.1351,30
1657,26.71192,4000.0,650.2808,687.6019,30
1659,26.71192,4000.0,650.2808,687.6019,30
1661,26.74165,4000.0,643.3394,680.5391,30
1663,26.74165,4000.0,643.3394,680.5391,30
1665,26.74165,4000.0,643.3394,680.5391,30
1667,26.59727,4000.0,636.8608,687.855,30
1669,26.59727,4000.0,636.8608,687.855,30
1671,26.59196,4000.0,644.6554,693.6899,30
1673,26.59196,4000.0,644.6554,693.6899,30
1675,26.59196,4000.0,644.6554,693.6899,30
1677,26.73499,4000.0,649.9363,685.4891,30
1679,26.73499,4000.0,649.9363,685.4891,30
1681,26.72387,4000.0,641.335,680.6201,30
1683,26.72387,4000.0,641.335,680.6201,30
1685,26.72387,4000.0,641.335,680.6201,30
1687,26.57738,4000.0,636.8381,689.4768,30
1689,26.57738,4000.0,636.8381,689.4768,30
1691,26.60579,4000.0,645.9949,693.4595,30
1693,26.60579,4000.0,645.9949,693.4595,30
1695,26.60579,4000.0,645.9949,693.4595,30
1697,26.74708,4000.0,649.2977,684.0821,30
1699,26.74708,4000.0,649.2977,684.0821,30
1701,26.70389,4000.0,639.8161,681.2018,30
1703,26.70389,4000.0,639.8161,681.2018,30
1705,26.70389,4000.0,639.8161,681.2018,30
1707,26.56709,4000.0,637.3743,690.7023,30
1709,26.56709,4000.0,637.3743,690.7023,30
1711,26.62297,4000.0,646.9554,692.6887,30
1713,26.62297,4000.0,646.9554,692.6887,30
1715,26.62297,4000.0,646.9554,692.6887,30
1717,26.75519,4000.0,648.6114,682.9681,30
1719,26.75519,4000.0,648.6114,682.9681,30
1721,26.68877,4000.0,638.7772,681.7151,30
1723,26.68877,4000.0,638.7772,681.7151,30
1725,26.68877,4000.0,638.7772,681.7151,30
1727,26.56056,4000.0,637.9553,691.6497,30
1729,26.56056,4000.0,637.9553,691.6497,30
1731,26.64216,4000.0,647.9307,691.7621,30
1733,26.64216,4000.0,647.9307,691.7621,30
1735,26.64216,4000.0,647.9307,691.7621,30
1737,26.76023,4000.0,647.5137,681.8317,30
1739,26.76023,4000.0,647.5137,681.8317,30
1741,26.66687,4000.0,637.7134,682.7602,30
1743,26.66687,4000.0,637.7134,682.7602,30
1745,26.66687,4000.0,637.7134,682.7602,30
1747,26.56042,4000.0,639.0745,692.4439,30
1749,26.56042,4000.0,639.0745,692.4439,30
1751,26.66039,4000.0,648.7607,690.8173,30
1753,26.66039,4000.0,648.7607,690.8173,30
1755,26.66039,4000.0,648.7607,690.8173,30
1757,26.76109,46.6832,646.6265,681.1711,30
1759,26.76109,46.6832,646.6265,681.1711,30
1761,26.64849,4000.0,637.0593,683.8027,30
1763,26.64849,4000.0,637.0593,683.8027,30
1765,26.64849,4000.0,637.0593,683.8027,30
1767,26.55889,4000.0,640.1525,693.3242,30
1769,26.55889,4000.0,640.1525,693.3242,30
1771,26.6794,4000.0,649.4413,689.7094,30
1773,26.6794,4000.0,649.4413,689.7094,30
1775,26.6794,4000.0,649.4413,689.7094,30
1777,26.75728,4000.0,645.3879,680.6523,30
1779,26.75728,4000.0,645.3879,680.6523,30
1781,26.62889,4000.0,636.6402,685.1105,30
1783,26.62889,4000.0,636.6402,685.1105,30
1785,26.62889,4000.0,636.6402,685.1105,30
1787,26.56597,4000.0,641.4579,693.6427,30
1789,26.56597,4000.0,641.4579,693.6427,30
1791,26.56597,4000.0,641.4579,693.6427,30
1793,26.69802,4000.0,649.7285,688.3719,30
1795,26.69802,4000.0,649.7285,688.3719,30
1797,26.74877,4000.0,643.9296,680.3615,30
1799,26.74877,4000.0,643.9296,680.3615,30
1801,26.74877,4000.0,643.9296,680.3615,30
1803,26.60672,4000.0,636.1885,686.6102,30
1805,26.60672,4000.0,636.1885,686.6102,30
1807,26.57302,4000.0,642.849,694.0201,30
1809,26.57302,4000.0,642.849,694.0201,30
1811,26.57302,4000.0,642.849,694.0201,30
1813,26.71641,4000.0,649.7648,686.8908,30
1815,26.71641,4000.0,649.7648,686.8908,30
1817,26.73496,174.0006,642.3337,680.4008,30
1819,26.73496,174.0006,642.3337,680.4008,30
1821,26.73496,174.0006,642.3337,680.4008,30
1823,26.58974,4000.0,636.2497,688.0471,30
1825,26.58974,4000.0,636.2497,688.0471,30
1827,26.586,4000.0,644.1237,693.8201,30
1829,26.586,4000.0,644.1237,693.8201,30
1831,26.586,4000.0,644.1237,693.8201,30
1833,26.73069,4000.0,649.5005,685.5496,30
1835,26.73069,4000.0,649.5005,685.5496,30
1837,26.72039,4000.0,640.899,680.6056,30
1839,26.72039,4000.0,640.899,680.6056,30
1841,26.72039,4000.0,640.899,680.6056,30
1843,26.57374,4000.0,636.4555,689.5099,30
1845,26.57374,4000.0,636.4555,689.5099,30
1847,26.60237,4000.0,645.6012,693.4741,30
1849,26.60237,4000.0,645.6012,693.4741,30
1851,26.60237,4000.0,645.6012,693.4741,30
1853,26.74406,4000.0,649.0594,684.1688,30
1855,26.74406,4000.0,649.0594,684.1688,30
1857,26.70238,4000.0,639.6914,681.2388,30
1859,26.70238,4000.0,639.6914,681.2388,30
1861,26.70238,4000.0,639.6914,681.2388,30
1863,26.56595,4000.0,637.2374,690.701,30
1865,26.56595,4000.0,637.2374,690.701,30
1867,26.62075,4000.0,646.7899,692.7604,30
1869,26.62075,4000.0,646.7899,692.7604,30
1871,26.62075,4000.0,646.7899,692.7604,30
1873,26.75193,4000.0,648.2106,682.9664,30
1875,26.75193,4000.0,648.2106,682.9664,30
1877,26.68102,161.4814,638.3328,682.0383,30
1879,26.68102,161.4814,638.3328,682.0383,30
1881,26.68102,161.4814,638.3328,682.0383,30
1883,26.55677,4000.0,638.0167,692.0073,30
1885,26.55677,4000.0,638.0167,692.0073,30
1887,26.64498,4000.0,647.9612,691.5497,30
1889,26.64498,4000.0,647.9612,691.5497,30
1891,26.64498,4000.0,647.9612,691.5497,30
1893,26.75598,4000.0,646.8334,681.722,30
1895,26.75598,4000.0,646.8334,681.722,30
1897,26.6564,4000.0,637.154,683.2247,30
1899,26.6564,4000.0,637.154,683.2247,30
1901,26.6564,4000.0,637.154,683.2247,30
1903,26.55395,4000.0,638.9153,692.8709,30
1905,26.55395,4000.0,638.9153,692.8709,30
1907,26.65981,4000.0,648.5571,690.7283,30
1909,26.65981,4000.0,648.5571,690.7283,30
1911,26.65981,4000.0,648.5571,690.7283,30
1913,26.7558,45.98903,645.9645,681.1572,30
1915,26.7558,45.98903,645.9645,681.1572,30
1917,26.63825,4000.0,636.5258,684.2673,30
1919,26.63825,4000.0,636.5258,684.2673,30
1921,26.63825,4000.0,636.5258,684.2673,30
1923,26.55361,4000.0,639.9799,693.6426,30
1925,26.55361,4000.0,639.9799,693.6426,30
1927,26.6766,4000.0,649.0986,689.7091,30
1929,26.6766,4000.0,649.0986,689.7091,30
1931,26.6766,4000.0,649.0986,689.7091,30
1933,26.74971,4000.0,644.7503,680.8367,30
1935,26.74971,4000.0,644.7503,680.8367,30
1937,26.62096,4000.0,636.1555,685.422,30
1939,26.62096,4000.0,636.1555,685.422,30
1941,26.62096,4000.0,636.1555,685.422,30
1943,26.55806,4000.0,640.9732,693.9644,30
1945,26.55806,4000.0,640.9732,693.9644,30
1947,26.691,4000.0,649.3586,688.7004,30
1949,26.691,4000.0,649.3586,688.7004,30
1951,26.691,4000.0,649.3586,688.7004,30
1953,26.7449,4000.0,643.7227,680.5347,30
1955,26.7449,4000.0,643.7227,680.5347,30
1957,26.604,4000.0,635.7718,686.5423,30
1959,26.604,4000.0,635.7718,686.5423,30
1961,26.604,4000.0,635.7718,686.5423,30
1963,26.56295,4000.0,642.0543,694.3088,30
1965,26.56295,4000.0,642.0543,694.3088,30
1967,26.70428,4000.0,649.4232,687.6552,30
1969,26.70428,4000.0,649.4232,687.6552,30
1971,26.70428,4000.0,649.4232,687.6552,30
1973,26.7312,175.0132,642.4318,680.7701,30
1975,26.7312,175.0132,642.4318,680.7701,30
1977,26.58709,4000.0,635.8571,687.9902,30
1979,26.58709,4000.0,635.8571,687.9902,30
1981,26.58709,4000.0,635.8571,687.9902,30
1983,26.57277,4000.0,643.3376,694.3789,30
1985,26.57277,4000.0,643.3376,694.3789,30
1987,26.7175,4000.0,649.3878,686.5505,30
1989,26.7175,4000.0,649.3878,686.5505,30
1991,26.7175,4000.0,649.3878,686.5505,30
1993,26.72082,4000.0,641.2307,680.7959,30
1995,26.72082,4000.0,641.2307,680.7959,30
1997,26.5726,4000.0,635.7795,689.1298,30
1999,26.5726,4000.0,635.7795,689.1298,30
2001,26.5726,4000.0,635.7795,689.1298,30
2003,26.58239,4000.0,644.324,694.2583,30
2005,26.58239,4000.0,644.324,694.2583,30
2007,26.72649,4000.0,648.9697,685.5386,30
2009,26.72649,4000.0,648.9697,685.5386,30
2011,26.72649,4000.0,648.9697,685.5386,30
2013,26.70459,4000.0,640.1227,681.3545,30
2015,26.70459,4000.0,640.1227,681.3545,30
2017,26.56208,4000.0,636.2873,690.3546,30
2019,26.56208,4000.0,636.2873,690.3546,30
2021,26.56208,4000.0,636.2873,690.3546,30
2023,26.59696,4000.0,645.4755,693.8372,30
2025,26.59696,4000.0,645.4755,693.8372,30
2027,26.73645,4000.0,648.4379,684.3737,30
2029,26.73645,4000.0,648.4379,684.3737,30
2031,26.73645,4000.0,648.4379,684.3737,30
2033,26.68546,4000.0,638.7764,681.9828,30
2035,26.68546,4000.0,638.7764,681.9828,30
2037,26.54945,4000.0,636.8315,691.7836,30
2039,26.54945,4000.0,636.8315,691.7836,30
2041,26.54945,4000.0,636.8315,691.7836,30
2043,26.61452,4000.0,646.6454,693.179,30
2045,26.61452,4000.0,646.6454,693.179,30
2047,26.61452,4000.0,646.6454,693.179,30
2049,26.74013,4000.0,647.3629,683.359,30
2051,26.74013,4000.0,647.3629,683.359,30
2053,26.66177,4000.0,637.6511,683.1315,30
2055,26.66177,4000.0,637.6511,683.1315,30
2057,26.66177,4000.0,637.6511,683.1315,30
2059,26.54328,4000.0,637.7711,692.9556,30
2061,26.54328,4000.0,637.7711,692.9556,30
2063,26.63373,4000.0,647.626,692.2532,30
2065,26.63373,4000.0,647.626,692.2532,30
2067,26.63373,4000.0,647.626,692.2532,30
2069,26.74445,4000.0,646.4038,682.3685,30
2071,26.74445,4000.0,646.4038,682.3685,30
2073,26.64126,4000.0,636.579,684.0593,30
2075,26.64126,4000.0,636.579,684.0593,30
2077,26.64126,4000.0,636.579,684.0593,30
2079,26.54054,4000.0,638.674,693.8171,30
2081,26.54054,4000.0,638.674,693.8171,30
2083,26.65124,4000.0,648.1782,691.1794,30
2085,26.65124,4000.0,648.1782,691.1794,30
2087,26.65124,4000.0,648.1782,691.1794,30
2089,26.73957,4000.0,645.0685,681.8693,30
2091,26.73957,4000.0,645.0685,681.8693,30
2093,26.62077,4000.0,635.91,685.2659,30
2095,26.62077,4000.0,635.91,685.2659,30
2097,26.62077,4000.0,635.91,685.2659,30
2099,26.5409,4000.0,639.583,694.4245,30
2101,26.5409,4000.0,639.583,694.4245,30
2103,26.66657,4000.0,648.5625,690.1743,30
2105,26.66657,4000.0,648.5625,690.1743,30
2107,26.66657,4000.0,648.5625,690.1743,30
2109,26.73479,4000.0,643.817,681.4152,30
2111,26.73479,4000.0,643.817,681.4152,30
2113,26.59943,4000.0,635.326,686.605,30
2115,26.59943,4000.0,635.326,686.605,30
2117,26.59943,4000.0,635.326,686.605,30
2119,26.54695,4000.0,640.904,694.8428,30
2121,26.54695,4000.0,640.904,694.8428,30
2123,26.68472,4000.0,648.6983,688.774,30
2125,26.68472,4000.0,648.6983,688.774,30
2127,26.68472,4000.0,648.6983,688.774,30
2129,26.72276,4000.0,642.3274,681.3817,30
2131,26.72276,4000.0,642.3274,681.3817,30
2133,26.58066,4000.0,635.1928,688.0539,30
2135,26.58066,4000.0,635.1928,688.0539,30
2137,26.58066,4000.0,635.1928,688.0539,30
2139,26.55685,4000.0,642.2788,694.9725,30
2141,26.55685,4000.0,642.2788,694.9725,30
2143,26.70139,4000.0,648.934,687.5647,30
2145,26.70139,4000.0,648.934,687.5647,30
2147,26.70139,4000.0,648.934,687.5647,30
2149,26.71433,4000.0,641.2046,681.303,30
2151,26.71433,4000.0,641.2046,681.303,30
2153,26.56624,4000.0,635.4309,689.4092,30
2155,26.56624,4000.0,635.4309,689.4092,30
2157,26.56624,4000.0,635.4309,689.4092,30
2159,26.57301,4000.0,643.8387,694.7049,30
2161,26.57301,4000.0,643.8387,694.7049,30
2163,26.7163,4000.0,648.5172,686.0679,30
2165,26.7163,4000.0,648.5172,686.0679,30
2167,26.7163,4000.0,648.5172,686.0679,30
2169,26.69683,4000.0,639.7846,681.7515,30
2171,26.69683,4000.0,639.7846,681.7515,30
2173,26.55385,4000.0,635.8855,690.753,30
2175,26.55385,4000.0,635.8855,690.753,30
2177,26.55385,4000.0,635.8855,690.753,30
2179,26.58974,4000.0,645.174,694.2306,30
2181,26.58974,4000.0,645.174,694.2306,30
2183,26.72911,4000.0,648.0932,684.7416,30
2185,26.72911,4000.0,648.0932,684.7416,30
2187,26.72911,4000.0,648.0932,684.7416,30
2189,26.6807,4000.0,638.4555,682.1486,30
2191,26.6807,4000.0,638.4555,682.1486,30
2193,26.54392,4000.0,636.2661,691.8445,30
2195,26.54392,4000.0,636.2661,691.8445,30
2197,26.54392,4000.0,636.2661,691.8445,30
2199,26.60647,4000.0,646.0034,693.4085,30
2201,26.60647,4000.0,646.0034,693.4085,30
2203,26.73346,4000.0,647.01,683.6647,30
2205,26.73346,4000.0,647.01,683.6647,30
2207,26.73346,4000.0,647.01,683.6647,30
2209,26.66102,160.7205,637.2748,682.9327,30
2211,26.66102,160.7205,637.2748,682.9327,30
2213,26.53723,4000.0,636.8721,692.8269,30
2215,26.53723,4000.0,636.8721,692.8269,30
2217,26.53723,4000.0,636.8721,692.8269,30
2219,26.62002,4000.0,646.8261,692.8452,30
2221,26.62002,4000.0,646.8261,692.8452,30
2223,26.73762,4000.0,646.3516,682.8865,30
2225,26.73762,4000.0,646.3516,682.8865,30
2227,26.73762,4000.0,646.3516,682.8865,30
2229,26.64304,4000.0,636.4097,683.7966,30
2231,26.64304,4000.0,636.4097,683.7966,30
2233,26.53326,4000.0,637.6224,693.6858,30
2235,26.53326,4000.0,637.6224,693.6858,30
2237,26.53326,4000.0,637.6224,693.6858,30
2239,26.63344,4000.0,647.378,692.1093,30
2241,26.63344,4000.0,647.378,692.1093,30
2243,26.73496,46.62178,645.4846,682.5214,30
2245,26.73496,46.62178,645.4846,682.5214,30
2247,26.73496,46.62178,645.4846,682.5214,30
2249,26.62773,4000.0,635.9638,684.7354,30
2251,26.62773,4000.0,635.9638,684.7354,30
2253,26.53388,4000.0,638.5521,694.2875,30
2255,26.53388,4000.0,638.5521,694.2875,30
2257,26.53388,4000.0,638.5521,694.2875,30
2259,26.65121,4000.0,647.947,691.0261,30
2261,26.65121,4000.0,647.947,691.0261,30
2263,26.73282,4000.0,644.1498,681.7983,30
2265,26.73282,4000.0,644.1498,681.7983,30
2267,26.73282,4000.0,644.1498,681.7983,30
2269,26.60436,4000.0,635.1906,686.1062,30
2271,26.60436,4000.0,635.1906,686.1062,30
2273,26.53831,4000.0,639.8752,694.8456,30
2275,26.53831,4000.0,639.8752,694.8456,30
2277,26.53831,4000.0,639.8752,694.8456,30
2279,26.67037,4000.0,648.178,689.6032,30
2281,26.67037,4000.0,648.178,689.6032,30
2283,26.72493,4000.0,642.7258,681.4758,30
2285,26.72493,4000.0,642.7258,681.4758,30
2287,26.72493,4000.0,642.7258,681.4758,30
2289,26.58674,4000.0,634.7845,687.2675,30
2291,26.58674,4000.0,634.7845,687.2675,30
2293,26.54613,4000.0,641.0067,694.9829,30
2295,26.54613,4000.0,641.0067,694.9829,30
2297,26.54613,4000.0,641.0067,694.9829,30
2299,26.68885,4000.0,648.1801,688.0869,30
2301,26.68885,4000.0,648.1801,688.0869,30
2303,26.68885,4000.0,648.1801,688.0869,30
2305,26.7113,170.6616,640.8615,681.3143,30
2307,26.7113,170.6616,640.8615,681.3143,30
2309,26.56371,4000.0,634.5284,688.9825,30
2311,26.56371,4000.0,634.5284,688.9825,30
2313,26.56371,4000.0,634.5284,688.9825,30
2315,26.55988,4000.0,642.458,694.8444,30
2317,26.55988,4000.0,642.458,694.8444,30
2319,26.70305,4000.0,647.6995,686.6022,30
2321,26.70305,4000.0,647.6995,686.6022,30
2323,26.70305,4000.0,647.6995,686.6022,30
2325,26.6928,4000.0,639.256,681.7167,30
2327,26.6928,4000.0,639.256,681.7167,30
2329,26.54721,4000.0,634.7535,690.5051,30
2331,26.54721,4000.0,634.7535,690.5051,30
2333,26.54721,4000.0,634.7535,690.5051,30
2335,26.57544,4000.0,643.8307,694.4969,30
2337,26.57544,4000.0,643.8307,694.4969,30
2339,26.71678,4000.0,647.1263,685.0983,30
2341,26.71678,4000.0,647.1263,685.0983,30
2343,26.71678,4000.0,647.1263,685.0983,30
2345,26.67034,4000.0,637.5614,682.374,30
2347,26.67034,4000.0,637.5614,682.374,30
2349,26.53398,4000.0,635.3998,692.0588,30
2351,26.53398,4000.0,635.3998,692.0588,30
2353,26.53398,4000.0,635.3998,692.0588,30
2355,26.59611,4000.0,645.1227,693.6666,30
2357,26.59611,4000.0,645.1227,693.6666,30
2359,26.72306,4000.0,646.1987,683.9658,30
2361,26.72306,4000.0,646.1987,683.9658,30
2363,26.72306,4000.0,646.1987,683.9658,30
2365,26.6497,159.3255,636.4283,683.2675,30
2367,26.6497,159.3255,636.4283,683.2675,30
2369,26.52658,4000.0,636.1002,693.1692,30
2371,26.52658,4000.0,636.1002,693.1692,30
2373,26.52658,4000.0,636.1002,693.1692,30
2375,26.61276,4000.0,646.0594,692.9249,30
2377,26.61276,4000.0,646.0594,692.9249,30
2379,26.72634,4000.0,645.1649,683.0056,30
2381,26.72634,4000.0,645.1649,683.0056,30
2383,26.72634,4000.0,645.1649,683.0056,30
2385,26.6255,4000.0,635.3508,684.4901,30
2387,26.6255,4000.0,635.3508,684.4901,30
2389,26.52479,4000.0,637.3542,694.2029,30
2391,26.52479,4000.0,637.3542,694.2029,30
2393,26.52479,4000.0,637.3542,694.2029,30
2395,26.63434,4000.0,646.8288,691.6617,30
2397,26.63434,4000.0,646.8288,691.6617,30
2399,26.72405,4000.0,643.9051,682.3436,30
2401,26.72405,4000.0,643.9051,682.3436,30
2403,26.72405,4000.0,643.9051,682.3436,30
2405,26.60399,4000.0,634.702,685.7946,30
2407,26.60399,4000.0,634.702,685.7946,30
2409,26.52739,4000.0,638.6719,694.9129,30
2411,26.52739,4000.0,638.6719,694.9129,30
2413,26.52739,4000.0,638.6719,694.9129,30
2415,26.65557,4000.0,647.5479,690.3964,30
2417,26.65557,4000.0,647.5479,690.3964,30
2419,26.71884,4000.0,642.4918,681.8102,30
2421,26.71884,4000.0,642.4918,681.8102,30
2423,26.71884,4000.0,642.4918,681.8102,30
2425,26.58138,4000.0,634.2134,687.3069,30
2427,26.58138,4000.0,634.2134,687.3069,30
2429,26.53463,4000.0,640.0673,695.2866,30
2431,26.53463,4000.0,640.0673,695.2866,30
2433,26.53463,4000.0,640.0673,695.2866,30
2435,26.67218,4000.0,647.5475,689.0294,30
2437,26.67218,4000.0,647.5475,689.0294,30
2439,26.70608,4000.0,640.9614,681.8052,30
2441,26.70608,4000.0,640.9614,681.8052,30
2443,26.70608,4000.0,640.9614,681.8052,30
2445,26.56103,4000.0,634.0164,688.8433,30
2447,26.56103,4000.0,634.0164,688.8433,30
2449,26.54418,4000.0,641.4587,695.4605,30
2451,26.54418,4000.0,641.4587,695.4605,30
2453,26.54418,4000.0,641.4587,695.4605,30
2455,26.69014,4000.0,647.501,687.5254,30
2457,26.69014,4000.0,647.501,687.5254,30
2459,26.68992,4000.0,639.2548,681.9487,30
2461,26.68992,4000.0,639.2548,681.9487,30
2463,26.68992,4000.0,639.2548,681.9487,30
2465,26.54222,4000.0,634.0457,690.4175,30
2467,26.54222,4000.0,634.0457,690.4175,30
2469,26.55824,4000.0,642.6596,695.1213,30
2471,26.55824,4000.0,642.6596,695.1213,30
2473,26.55824,4000.0,642.6596,695.1213,30
2475,26.69962,4000.0,646.745,686.2422,30
2477,26.69962,4000.0,646.745,686.2422,30
2479,26.67114,4000.0,637.6859,682.3948,30
2481,26.67114,4000.0,637.6859,682.3948,30
2483,26.67114,4000.0,637.6859,682.3948,30
2485,26.52773,4000.0,634.1181,691.671,30
2487,26.52773,4000.0,634.1181,691.671,30
2489,26.57084,4000.0,643.5673,694.6982,30
2491,26.57084,4000.0,643.5673,694.6982,30
2493,26.57084,4000.0,643.5673,694.6982,30
2495,26.7077,4000.0,645.8768,684.9993,30
2497,26.7077,4000.0,645.8768,684.9993,30
2499,26.64839,4000.0,636.1116,683.1548,30
2501,26.64839,4000.0,636.1116,683.1548,30
2503,26.64839,4000.0,636.1116,683.1548,30
2505,26.51781,4000.0,634.78,692.9649,30
2507,26.51781,4000.0,634.78,692.9649,30
2509,26.58914,4000.0,644.5015,693.819,30
2511,26.58914,4000.0,644.5015,693.819,30
2513,26.58914,4000.0,644.5015,693.819,30
2515,26.71093,4000.0,644.9041,684.0814,30
2517,26.71093,4000.0,644.9041,684.0814,30
2519,26.62518,4000.0,635.067,684.3182,30
2521,26.62518,4000.0,635.067,684.3182,30
2523,26.62518,4000.0,635.067,684.3182,30
2525,26.51171,4000.0,635.8553,694.2357,30
2527,26.51171,4000.0,635.8553,694.2357,30
2529,26.61156,4000.0,645.6786,692.7646,30
2531,26.61156,4000.0,645.6786,692.7646,30
2533,26.61156,4000.0,645.6786,692.7646,30
2535,26.71338,45.18238,643.6189,683.0155,30
2537,26.71338,45.18238,643.6189,683.0155,30
2539,26.60133,4000.0,634.0217,685.5358,30
2541,26.60133,4000.0,634.0217,685.5358,30
2543,26.60133,4000.0,634.0217,685.5358,30
2545,26.51265,4000.0,636.973,694.9479,30
2547,26.51265,4000.0,636.973,694.9479,30
2549,26.51265,4000.0,636.973,694.9479,30
2551,26.63037,4000.0,646.0264,691.444,30
2553,26.63037,4000.0,646.0264,691.444,30
2555,26.70599,4000.0,642.0038,682.521,30
2557,26.70599,4000.0,642.0038,682.521,30
2559,26.70599,4000.0,642.0038,682.521,30
2561,26.57567,4000.0,633.2436,687.0929,30
2563,26.57567,4000.0,633.2436,687.0929,30
2565,26.51605,4000.0,638.2953,695.5963,30
2567,26.51605,4000.0,638.2953,695.5963,30
2569,26.51605,4000.0,638.2953,695.5963,30
2571,26.65298,4000.0,646.395,689.8297,30
2573,26.65298,4000.0,646.395,689.8297,30
2575,26.69573,4000.0,640.1453,682.0868,30
2577,26.69573,4000.0,640.1453,682.0868,30
2579,26.69573,4000.0,640.1453,682.0868,30
2581,26.55227,4000.0,632.7283,688.6542,30
2583,26.55227,4000.0,632.7283,688.6542,30
2585,26.52554,4000.0,639.5306,695.6711,30
2587,26.52554,4000.0,639.5306,695.6711,30
2589,26.52554,4000.0,639.5306,695.6711,30
2591,26.66727,4000.0,645.9583,688.3591,30
2593,26.66727,4000.0,645.9583,688.3591,30
2595,26.6777,4000.0,638.25,682.2505,30
2597,26.6777,4000.0,638.25,682.2505,30
2599,26.6777,4000.0,638.25,682.2505,30
2601,26.53004,4000.0,632.5471,690.3634,30
2603,26.53004,4000.0,632.5471,690.3634,30
2605,26.54092,4000.0,641.0469,695.4453,30
2607,26.54092,4000.0,641.0469,695.4453,30
2609,26.54092,4000.0,641.0469,695.4453,30
2611,26.68541,4000.0,645.3946,686.493,30
2613,26.68541,4000.0,645.3946,686.493,30
2615,26.65557,4000.0,636.2441,682.6625,30
2617,26.65557,4000.0,636.2441,682.6625,30
2619,26.65557,4000.0,636.2441,682.6625,30
2621,26.51436,4000.0,632.9651,691.9622,30
2623,26.51436,4000.0,632.9651,691.9622,30
2625,26.5614,4000.0,642.3158,694.6189,30
2627,26.5614,4000.0,642.3158,694.6189,30
2629,26.5614,4000.0,642.3158,694.6189,30
2631,26.69491,4000.0,644.4662,685.0897,30
2633,26.69491,4000.0,644.4662,685.0897,30
2635,26.63289,4000.0,634.7341,683.4581,30
2637,26.63289,4000.0,634.7341,683.4581,30
2639,26.63289,4000.0,634.7341,683.4581,30
2641,26.50382,4000.0,633.6731,693.3441,30
2643,26.50382,4000.0,633.6731,693.3441,30
2645,26.58561,4000.0,643.5587,693.4631,30
2647,26.58561,4000.0,643.5587,693.4631,30
2649,26.58561,4000.0,643.5587,693.4631,30
2651,26.70191,4000.0,643.0004,683.5276,30
2653,26.70191,4000.0,643.0004,683.5276,30
2655,26.60665,4000.0,633.1467,684.4868,30
2657,26.60665,4000.0,633.1467,684.4868,30
2659,26.60665,4000.0,633.1467,684.4868,30
2661,26.50043,4000.0,634.5126,694.2244,30
2663,26.50043,4000.0,634.5126,694.2244,30
2665,26.60374,4000.0,644.0635,692.3057,30
2667,26.60374,4000.0,644.0635,692.3057,30
2669,26.60374,4000.0,644.0635,692.3057,30
2671,26.70044,4000.0,641.7083,682.7704,30
2673,26.70044,4000.0,641.7083,682.7704,30
2675,26.58466,4000.0,632.2338,685.6431,30
2677,26.58466,4000.0,632.2338,685.6431,30
2679,26.58466,4000.0,632.2338,685.6431,30
2681,26.49992,4000.0,635.5726,695.0209,30
2683,26.49992,4000.0,635.5726,695.0209,30
2685,26.62519,4000.0,644.6707,690.9476,30
2687,26.62519,4000.0,644.6707,690.9476,30
2689,26.62519,4000.0,644.6707,690.9476,30
2691,26.69518,4000.0,640.1223,682.1159,30
2693,26.69518,4000.0,640.1223,682.1159,30
2695,26.56186,4000.0,631.5269,687.0132,30
2697,26.56186,4000.0,631.5269,687.0132,30
2699,26.56186,4000.0,631.5269,687.0132,30
2701,26.50602,4000.0,636.7209,695.3246,30
2703,26.50602,4000.0,636.7209,695.3246,30
2705,26.64103,4000.0,644.7388,689.6878,30
2707,26.64103,4000.0,644.7388,689.6878,30
2709,26.64103,4000.0,644.7388,689.6878,30
2711,26.68553,4000.0,638.6738,681.9069,30
2713,26.68553,4000.0,638.6738,681.9069,30
2715,26.54236,4000.0,631.1183,688.3289,30
2717,26.54236,4000.0,631.1183,688.3289,30
2719,26.54236,4000.0,631.1183,688.3289,30
2721,26.51595,4000.0,638.0873,695.458,30
2723,26.51595,4000.0,638.0873,695.458,30
2725,26.66122,4000.0,644.7731,688.0521,30
2727,26.66122,4000.0,644.7731,688.0521,30
2729,26.66122,4000.0,644.7731,688.0521,30
2731,26.67581,179.4751,637.1752,681.664,30
2733,26.67581,179.4751,637.1752,681.664,30
2735,26.52817,4000.0,631.0209,689.431,30
2737,26.52817,4000.0,631.0209,689.431,30
2739,26.52817,4000.0,631.0209,689.431,30
2741,26.52312,4000.0,638.7659,695.3365,30
2743,26.52312,4000.0,638.7659,695.3365,30
2745,26.66724,4000.0,644.2571,687.2077,30
2747,26.66724,4000.0,644.2571,687.2077,30
2749,26.66724,4000.0,644.2571,687.2077,30
2751,26.65931,4000.0,635.8107,682.0585,30
2753,26.65931,4000.0,635.8107,682.0585,30
2755,26.51131,4000.0,630.9863,690.803,30
2757,26.51131,4000.0,630.9863,690.803,30
2759,26.51131,4000.0,630.9863,690.803,30
2761,26.53629,4000.0,639.9444,695.0626,30
2763,26.53629,4000.0,639.9444,695.0626,30
2765,26.67851,4000.0,643.5264,685.7903,30
2767,26.67851,4000.0,643.5264,685.7903,30
2769,26.67851,4000.0,643.5264,685.7903,30
2771,26.63792,4000.0,634.1406,682.6349,30
2773,26.63792,4000.0,634.1406,682.6349,30
2775,26.49865,4000.0,631.2902,692.0729,30
2777,26.49865,4000.0,631.2902,692.0729,30
2779,26.49865,4000.0,631.2902,692.0729,30
2781,26.55077,4000.0,640.765,694.4267,30
2783,26.55077,4000.0,640.765,694.4267,30
2785,26.68343,4000.0,642.5936,684.7548,30
2787,26.68343,4000.0,642.5936,684.7548,30
2789,26.68343,4000.0,642.5936,684.7548,30
2791,26.61709,4000.0,632.7757,683.3748,30
2793,26.61709,4000.0,632.7757,683.3748,30
2795,26.48666,4000.0,631.6683,693.3429,30
2797,26.48666,4000.0,631.6683,693.3429,30
2799,26.48666,4000.0,631.6683,693.3429,30
2801,26.56503,4000.0,641.6055,693.824,30
2803,26.56503,4000.0,641.6055,693.824,30
2805,26.56503,4000.0,641.6055,693.824,30
2807,26.68444,4000.0,641.4615,683.9014,30
2809,26.68444,4000.0,641.4615,683.9014,30
2811,26.59258,4000.0,631.6204,684.5619,30
2813,26.59258,4000.0,631.6204,684.5619,30
2815,26.59258,4000.0,631.6204,684.5619,30
2817,26.48231,4000.0,632.505,694.3064,30
2819,26.48231,4000.0,632.505,694.3064,30
2821,26.57949,164.9404,642.1729,693.0147,30
2823,26.57949,164.9404,642.1729,693.0147,30
2825,26.57949,164.9404,642.1729,693.0147,30
2827,26.68373,4000.0,640.4551,683.2726,30
2829,26.68373,4000.0,640.4551,683.2726,30
2831,26.57425,4000.0,630.7399,685.4384,30
2833,26.57425,4000.0,630.7399,685.4384,30
2835,26.57425,4000.0,630.7399,685.4384,30
2837,26.4806,4000.0,633.3685,695.0669,30
2839,26.4806,4000.0,633.3685,695.0669,30
2841,26.59861,4000.0,642.7582,691.8329,30
2843,26.59861,4000.0,642.7582,691.8329,30
2845,26.59861,4000.0,642.7582,691.8329,30
2847,26.68052,4000.0,639.1032,682.6078,30
2849,26.68052,4000.0,639.1032,682.6078,30
2851,26.55477,4000.0,630.1375,686.6091,30
2853,26.55477,4000.0,630.1375,686.6091,30
2855,26.55477,4000.0,630.1375,686.6091,30
2857,26.48659,4000.0,634.4728,695.354,30
2859,26.48659,4000.0,634.4728,695.354,30
2861,26.61603,4000.0,643.0107,690.5667,30
2863,26.61603,4000.0,643.0107,690.5667,30
2865,26.61603,4000.0,643.0107,690.5667,30
2867,26.67199,4000.0,637.6132,682.2758,30
2869,26.67199,4000.0,637.6132,682.2758,30
2871,26.53125,4000.0,629.6059,688.1661,30
2873,26.53125,4000.0,629.6059,688.1661,30
2875,26.53125,4000.0,629.6059,688.1661,30
2877,26.49372,4000.0,635.9786,695.8286,30
2879,26.49372,4000.0,635.9786,695.8286,30
2881,26.63635,4000.0,643.3234,689.1069,30
2883,26.63635,4000.0,643.3234,689.1069,30
2885,26.63635,4000.0,643.3234,689.1069,30
2887,26.66292,167.8553,636.3275,682.1237,30
2889,26.66292,167.8553,636.3275,682.1237,30
2891,26.51792,4000.0,629.7736,689.3873,30
2893,26.51792,4000.0,629.7736,689.3873,30
2895,26.51792,4000.0,629.7736,689.3873,30
2897,26.50733,4000.0,637.2776,695.608,30
2899,26.50733,4000.0,637.2776,695.608,30
2901,26.6519,4000.0,643.0388,687.6356,30
2903,26.6519,4000.0,643.0388,687.6356,30
2905,26.6519,4000.0,643.0388,687.6356,30
2907,26.64596,4000.0,634.6539,682.3394,30
2909,26.64596,4000.0,634.6539,682.3394,30
2911,26.49765,4000.0,629.7307,691.037,30
2913,26.49765,4000.0,629.7307,691.037,30
2915,26.49765,4000.0,629.7307,691.037,30
2917,26.52247,4000.0,638.707,695.3495,30
2919,26.52247,4000.0,638.707,695.3495,30
2921,26.66494,4000.0,642.4438,686.1615,30
2923,26.66494,4000.0,642.4438,686.1615,30
2925,26.66494,4000.0,642.4438,686.1615,30
2927,26.62772,4000.0,633.1744,682.7887,30
2929,26.62772,4000.0,633.1744,682.7887,30
2931,26.48892,4000.0,630.1696,692.0783,30
2933,26.48892,4000.0,630.1696,692.0783,30
2935,26.48892,4000.0,630.1696,692.0783,30
2937,26.53857,4000.0,639.6503,694.6655,30
2939,26.53857,4000.0,639.6503,694.6655,30
2941,26.67351,4000.0,641.7824,685.0111,30
2943,26.67351,4000.0,641.7824,685.0111,30
2945,26.67351,4000.0,641.7824,685.0111,30
2947,26.61123,4000.0,631.9989,683.3065,30
2949,26.61123,4000.0,631.9989,683.3065,30
2951,26.48864,4000.0,630.9635,692.6724,30
2953,26.48864,4000.0,630.9635,692.6724,30
2955,26.48864,4000.0,630.9635,692.6724,30
2957,26.57283,4000.0,640.9207,692.7,30
2959,26.57283,4000.0,640.9207,692.7,30
2961,26.69095,4000.0,640.605,682.7883,30
2963,26.69095,4000.0,640.605,682.7883,30
2965,26.69095,4000.0,640.605,682.7883,30
2967,26.60016,4000.0,630.8163,683.3751,30
2969,26.60016,4000.0,630.8163,683.3751,30
2971,26.48891,4000.0,631.6266,693.1251,30
2973,26.48891,4000.0,631.6266,693.1251,30
2975,26.48891,4000.0,631.6266,693.1251,30
2977,26.58709,4000.0,641.3914,691.8433,30
2979,26.58709,4000.0,641.3914,691.8433,30
2981,26.69276,41.7197,639.7279,682.043,30
2983,26.69276,41.7197,639.7279,682.043,30
2985,26.69276,41.7197,639.7279,682.043,30
2987,26.58466,4000.0,629.9576,684.0323,30
2989,26.58466,4000.0,629.9576,684.0323,30
2991,26.48755,4000.0,632.3217,693.7368,30
2993,26.48755,4000.0,632.3217,693.7368,30
2995,26.48755,4000.0,632.3217,693.7368,30
2997,26.6027,4000.0,641.8013,690.8356,30
2999,26.6027,4000.0,641.8013,690.8356,30
3001,26.6895,4000.0,638.5527,681.5024,30
3003,26.6895,4000.0,638.5527,681.5024,30
3005,26.6895,4000.0,638.5527,681.5024,30
3007,26.56693,4000.0,629.5035,685.1606,30
3009,26.56693,4000.0,629.5035,685.1606,30
3011,26.49204,4000.0,633.4064,694.1376,30
3013,26.49204,4000.0,633.4064,694.1376,30
3015,26.49204,4000.0,633.4064,694.1376,30
3017,26.6199,4000.0,642.2185,689.7029,30
3019,26.6199,4000.0,642.2185,689.7029,30
3021,26.68383,4000.0,637.2652,681.0767,30
3023,26.68383,4000.0,637.2652,681.0767,30
3025,26.68383,4000.0,637.2652,681.0767,30
3027,26.54579,4000.0,628.8636,686.4385,30
3029,26.54579,4000.0,628.8636,686.4385,30
3031,26.49796,4000.0,634.6586,694.5346,30
3033,26.49796,4000.0,634.6586,694.5346,30
3035,26.49796,4000.0,634.6586,694.5346,30
3037,26.63804,4000.0,642.4055,688.3392,30
3039,26.63804,4000.0,642.4055,688.3392,30
3041,26.67516,4000.0,635.9775,680.8899,30
3043,26.67516,4000.0,635.9775,680.8899,30
3045,26.67516,4000.0,635.9775,680.8899,30
3047,26.53205,4000.0,628.8642,687.5701,30
3049,26.53205,4000.0,628.8642,687.5701,30
3051,26.53205,4000.0,628.8642,687.5701,30
3053,26.50854,4000.0,635.8611,694.5047,30
3055,26.50854,4000.0,635.8611,694.5047,30
3057,26.65326,4000.0,642.5472,687.1875,30
3059,26.65326,4000.0,642.5472,687.1875,30
3061,26.65326,4000.0,642.5472,687.1875,30
3063,26.66703,177.6939,634.9077,680.8073,30
3065,26.66703,177.6939,634.9077,680.8073,30
3067,26.51763,4000.0,628.8723,688.7657,30
3069,26.51763,4000.0,628.8723,688.7657,30
3071,26.51763,4000.0,628.8723,688.7657,30
3073,26.52094,4000.0,637.1047,694.3489,30
3075,26.52094,4000.0,637.1047,694.3489,30
3077,26.66656,4000.0,642.23,685.8837,30
3079,26.66656,4000.0,642.23,685.8837,30
3081,26.66656,4000.0,642.23,685.8837,30
3083,26.65189,4000.0,633.6552,681.1623,30
3085,26.65189,4000.0,633.6552,681.1623,30
3087,26.50723,4000.0,629.2595,689.9037,30
3089,26.50723,4000.0,629.2595,689.9037,30
3091,26.50723,4000.0,629.2595,689.9037,30
3093,26.53589,4000.0,638.2729,693.9235,30
3095,26.53589,4000.0,638.2729,693.9235,30
3097,26.67862,4000.0,641.884,684.6636,30
3099,26.67862,4000.0,641.884,684.6636,30
3101,26.67862,4000.0,641.884,684.6636,30
3103,26.63775,4000.0,632.4245,681.4492,30
3105,26.63775,4000.0,632.4245,681.4492,30
3107,26.49702,4000.0,629.6465,691.0292,30
3109,26.49702,4000.0,629.6465,691.0292,30
3111,26.49702,4000.0,629.6465,691.0292,30
3113,26.55341,4000.0,639.3267,693.2029,30
3115,26.55341,4000.0,639.3267,693.2029,30
3117,26.68555,4000.0,640.9731,683.478,30
3119,26.68555,4000.0,640.9731,683.478,30
3121,26.68555,4000.0,640.9731,683.478,30
3123,26.6176,4000.0,631.3011,682.2975,30
3125,26.6176,4000.0,631.3011,682.2975,30
3127,26.49225,4000.0,630.5443,692.0703,30
3129,26.49225,4000.0,630.5443,692.0703,30
3131,26.49225,4000.0,630.5443,692.0703,30
3133,26.57329,4000.0,640.4303,692.3211,30
3135,26.57329,4000.0,640.4303,692.3211,30
3137,26.69333,4000.0,640.2481,682.352,30
3139,26.69333,4000.0,640.2481,682.352,30
3141,26.69333,4000.0,640.2481,682.352,30
3143,26.60058,4000.0,630.2963,682.9738,30
3145,26.60058,4000.0,630.2963,682.9738,30
3147,26.4898,4000.0,631.3934,692.884,30
3149,26.4898,4000.0,631.3934,692.884,30
3151,26.4898,4000.0,631.3934,692.884,30
3153,26.59133,4000.0,641.1649,691.3359,30
3155,26.59133,4000.0,641.1649,691.3359,30
3157,26.69067,4000.0,639.0831,681.7703,30
3159,26.69067,4000.0,639.0831,681.7703,30
3161,26.69067,4000.0,639.0831,681.7703,30
3163,26.57878,4000.0,629.6782,684.3152,30
3165,26.57878,4000.0,629.6782,684.3152,30
3167,26.49168,4000.0,632.7309,693.685,30
3169,26.49168,4000.0,632.7309,693.685,30
3171,26.49168,4000.0,632.7309,693.685,30
3173,26.61282,4000.0,641.9597,690.1092,30
3175,26.61282,4000.0,641.9597,690.1092,30
3177,26.69075,4000.0,637.9307,680.9742,30
3179,26.69075,4000.0,637.9307,680.9742,30
3181,26.69075,4000.0,637.9307,680.9742,30
3183,26.55858,4000.0,629.1183,685.5706,30
3185,26.55858,4000.0,629.1183,685.5706,30
3187,26.50027,4000.0,634.2715,694.0668,30
3189,26.50027,4000.0,634.2715,694.0668,30
3191,26.50027,4000.0,634.2715,694.0668,30
3193,26.63632,4000.0,642.3477,688.4413,30
3195,26.63632,4000.0,642.3477,688.4413,30
3197,26.68285,4000.0,636.48,680.6148,30
3199,26.68285,4000.0,636.48,680.6148,30
3201,26.68285,4000.0,636.48,680.6148,30
3203,26.54222,4000.0,628.8023,686.688,30
3205,26.54222,4000.0,628.8023,686.688,30
3207,26.50775,4000.0,635.2771,694.1563,30
3209,26.50775,4000.0,635.2771,694.1563,30
3211,26.50775,4000.0,635.2771,694.1563,30
3213,26.65147,4000.0,642.4515,687.2688,30
3215,26.65147,4000.0,642.4515,687.2688,30
3217,26.67479,164.9014,635.2241,680.3986,30
3219,26.67479,164.9014,635.2241,680.3986,30
3221,26.67479,164.9014,635.2241,680.3986,30
3223,26.5262,4000.0,628.6295,687.8839,30
3225,26.5262,4000.0,628.6295,687.8839,30
3227,26.5158,4000.0,636.2895,694.2017,30
3229,26.5158,4000.0,636.2895,694.2017,30
3231,26.5158,4000.0,636.2895,694.2017,30
3233,26.66057,4000.0,642.2037,686.3549,30
3235,26.66057,4000.0,642.2037,686.3549,30
3237,26.66141,4000.0,634.1848,680.7598,30
3239,26.66141,4000.0,634.1848,680.7598,30
3241,26.66141,4000.0,634.1848,680.7598,30
3243,26.51444,4000.0,628.7797,688.9625,30
3245,26.51444,4000.0,628.7797,688.9625,30
3247,26.5257,4000.0,637.3026,694.091,30
3249,26.5257,4000.0,637.3026,694.091,30
3251,26.5257,4000.0,637.3026,694.091,30
3253,26.66624,4000.0,641.9479,685.7165,30
3255,26.66624,4000.0,641.9479,685.7165,30
3257,26.63037,4000.0,632.6542,682.2087,30
3259,26.63037,4000.0,632.6542,682.2087,30
3261,26.63037,4000.0,632.6542,682.2087,30
3263,26.48767,4000.0,629.4412,691.6591,30
3265,26.48767,4000.0,629.4412,691.6591,30
3267,26.53752,4000.0,638.9801,694.2839,30
3269,26.53752,4000.0,638.9801,694.2839,30
3271,26.53752,4000.0,638.9801,694.2839,30
3273,26.67175,4000.0,641.1783,684.7415,30
3275,26.67175,4000.0,641.1783,684.7415,30
3277,26.61405,4000.0,631.5961,682.7936,30
3279,26.61405,4000.0,631.5961,682.7936,30
3281,26.61405,4000.0,631.5961,682.7936,30
3283,26.48098,4000.0,629.8779,692.5303,30
3285,26.48098,4000.0,629.8779,692.5303,30
3287,26.54882,4000.0,639.7365,693.8713,30
3289,26.54882,4000.0,639.7365,693.8713,30
3291,26.54882,4000.0,639.7365,693.8713,30
3293,26.67587,4000.0,640.5256,683.9599,30
3295,26.67587,4000.0,640.5256,683.9599,30
3297,26.59467,155.6267,630.5575,683.6404,30
3299,26.59467,155.6267,630.5575,683.6404,30
3301,26.59467,155.6267,630.5575,683.6404,30
3303,26.47397,4000.0,630.5724,693.6158,30
3305,26.47397,4000.0,630.5724,693.6158,30
3307,26.47397,4000.0,630.5724,693.6158,30
3309,26.56249,4000.0,640.3932,693.1924,30
3311,26.56249,4000.0,640.3932,693.1924,30
3313,26.67257,43.07951,639.447,683.4891,30
3315,26.67257,43.07951,639.447,683.4891,30
3317,26.67257,43.07951,639.447,683.4891,30
3319,26.57541,4000.0,629.6931,684.6013,30
3321,26.57541,4000.0,629.6931,684.6013,30
3323,26.47184,4000.0,631.3572,694.3583,30
3325,26.47184,4000.0,631.3572,694.3583,30
3327,26.47184,4000.0,631.3572,694.3583,30
3329,26.57984,4000.0,641.0754,692.2257,30
3331,26.57984,4000.0,641.0754,692.2257,30
3333,26.67536,4000.0,638.4622,682.5863,30
3335,26.67536,4000.0,638.4622,682.5863,30
3337,26.67536,4000.0,638.4622,682.5863,30
3339,26.55643,4000.0,629.0165,685.6741,30
3341,26.55643,4000.0,629.0165,685.6741,30
3343,26.47549,4000.0,632.5922,694.9393,30
3345,26.47549,4000.0,632.5922,694.9393,30
3347,26.47549,4000.0,632.5922,694.9393,30
3349,26.59854,4000.0,641.5475,691.0042,30
3351,26.59854,4000.0,641.5475,691.0042,30
3353,26.66867,4000.0,637.2047,682.2629,30
3355,26.66867,4000.0,637.2047,682.2629,30
3357,26.66867,4000.0,637.2047,682.2629,30
3359,26.53636,4000.0,628.5952,687.0223,30
3361,26.53636,4000.0,628.5952,687.0223,30
3363,26.48045,4000.0,633.8835,695.4483,30
3365,26.48045,4000.0,633.8835,695.4483,30
3367,26.48045,4000.0,633.8835,695.4483,30
3369,26.61817,4000.0,641.9379,689.6526,30
3371,26.61817,4000.0,641.9379,689.6526,30
3373,26.66307,4000.0,635.8188,681.7594,30
3375,26.66307,4000.0,635.8188,681.7594,30
3377,26.66307,4000.0,635.8188,681.7594,30
3379,26.51944,4000.0,628.201,688.1345,30
3381,26.51944,4000.0,628.201,688.1345,30
3383,26.49226,4000.0,635.0341,695.2792,30
3385,26.49226,4000.0,635.0341,695.2792,30
3387,26.49226,4000.0,635.0341,695.2792,30
3389,26.63452,4000.0,641.8237,688.2292,30
3391,26.63452,4000.0,641.8237,688.2292,30
3393,26.65356,167.0181,634.5742,681.6666,30
3395,26.65356,167.0181,634.5742,681.6666,30
3397,26.65356,167.0181,634.5742,681.6666,30
3399,26.506,4000.0,628.1177,689.1853,30
3401,26.506,4000.0,628.1177,689.1853,30
3403,26.49731,4000.0,635.8678,695.4489,30
3405,26.49731,4000.0,635.8678,695.4489,30
3407,26.49731,4000.0,635.8678,695.4489,30
3409,26.64389,4000.0,641.7551,687.4137,30
3411,26.64389,4000.0,641.7551,687.4137,30
3413,26.64112,4000.0,633.4551,681.8964,30
3415,26.64112,4000.0,633.4551,681.8964,30
3417,26.64112,4000.0,633.4551,681.8964,30
3419,26.49292,4000.0,628.2816,690.3875,30
3421,26.49292,4000.0,628.2816,690.3875,30
3423,26.50922,4000.0,636.8913,695.1768,30
3425,26.50922,4000.0,636.8913,695.1768,30
3427,26.50922,4000.0,636.8913,695.1768,30
3429,26.65221,4000.0,641.4017,686.4898,30
3431,26.65221,4000.0,641.4017,686.4898,30
3433,26.63017,4000.0,632.5949,682.1839,30
3435,26.63017,4000.0,632.5949,682.1839,30
3437,26.63017,4000.0,632.5949,682.1839,30
3439,26.48593,4000.0,628.7297,691.2909,30
3441,26.48593,4000.0,628.7297,691.2909,30
3443,26.52462,4000.0,638.0874,694.7332,30
3445,26.52462,4000.0,638.0874,694.7332,30
3447,26.52462,4000.0,638.0874,694.7332,30
3449,26.66531,4000.0,641.1016,685.2144,30
3451,26.66531,4000.0,641.1016,685.2144,30
3453,26.61723,4000.0,631.5308,682.4885,30
3455,26.61723,4000.0,631.5308,682.4885,30
3457,26.61723,4000.0,631.5308,682.4885,30
3459,26.47925,4000.0,629.0772,692.0975,30
3461,26.47925,4000.0,629.0772,692.0975,30
3463,26.53646,4000.0,638.6842,694.1646,30
3465,26.53646,4000.0,638.6842,694.1646,30
3467,26.53646,4000.0,638.6842,694.1646,30
3469,26.66752,4000.0,640.4546,684.5909,30
3471,26.66752,4000.0,640.4546,684.5909,30
3473,26.60091,4000.0,630.7108,683.2394,30
3475,26.60091,4000.0,630.7108,683.2394,30
3477,26.60091,4000.0,630.7108,683.2394,30
3479,26.47432,4000.0,629.912,693.111,30
3481,26.47432,4000.0,629.912,693.111,30
3483,26.55762,4000.0,639.8738,693.2354,30
3485,26.55762,4000.0,639.8738,693.2354,30
3487,26.55762,4000.0,639.8738,693.2354,30
3489,26.67561,4000.0,639.5029,683.2802,30
3491,26.67561,4000.0,639.5029,683.2802,30
3493,26.58075,4000.0,629.6177,684.1107,30
3495,26.58075,4000.0,629.6177,684.1107,30
3497,26.58075,4000.0,629.6177,684.1107,30
3499,26.47353,4000.0,630.8973,693.8862,30
3501,26.47353,4000.0,630.8973,693.8862,30
3503,26.57604,4000.0,640.441,692.1005,30
3505,26.57604,4000.0,640.441,692.1005,30
3507,26.57604,4000.0,640.441,692.1005,30
3509,26.67536,4000.0,638.3535,682.5112,30
3511,26.67536,4000.0,638.3535,682.5112,30
3513,26.56272,4000.0,628.7585,684.9742,30
3515,26.56272,4000.0,628.7585,684.9742,30
3517,26.56272,4000.0,628.7585,684.9742,30
3519,26.472,4000.0,631.6116,694.5278,30
3521,26.472,4000.0,631.6116,694.5278,30
3523,26.59144,4000.0,640.9938,691.2083,30
3525,26.59144,4000.0,640.9938,691.2083,30
3527,26.59144,4000.0,640.9938,691.2083,30
3529,26.67146,4000.0,637.1539,682.0016,30
3531,26.67146,4000.0,637.1539,682.0016,30
3533,26.54246,4000.0,628.1968,686.2353,30
3535,26.54246,4000.0,628.1968,686.2353,30
3537,26.54246,4000.0,628.1968,686.2353,30
3539,26.47664,4000.0,632.762,694.9644,30
3541,26.47664,4000.0,632.762,694.9644,30
3543,26.60608,4000.0,641.3204,690.2239,30
3545,26.60608,4000.0,641.3204,690.2239,30
3547,26.60608,4000.0,641.3204,690.2239,30
3549,26.66747,4000.0,636.3069,681.7405,30
3551,26.66747,4000.0,636.3069,681.7405,30
3553,26.66747,4000.0,636.3069,681.7405,30
3555,26.52946,4000.0,628.0815,687.2222,30
3557,26.52946,4000.0,628.0815,687.2222,30
3559,26.48769,4000.0,634.1958,695.0643,30
3561,26.48769,4000.0,634.1958,695.0643,30
3563,26.48769,4000.0,634.1958,695.0643,30
3565,26.63016,4000.0,641.6351,688.4579,30
3567,26.63016,4000.0,641.6351,688.4579,30
3569,26.65807,4000.0,634.6545,681.3571,30
3571,26.65807,4000.0,634.6545,681.3571,30
3573,26.65807,4000.0,634.6545,681.3571,30
3575,26.51193,4000.0,627.9653,688.5851,30
3577,26.51193,4000.0,627.9653,688.5851,30
3579,26.50063,4000.0,635.4382,694.8662,30
3581,26.50063,4000.0,635.4382,694.8662,30
3583,26.50063,4000.0,635.4382,694.8662,30
3585,26.64441,4000.0,641.383,687.1157,30
3587,26.64441,4000.0,641.383,687.1157,30
3589,26.645,4000.0,633.2773,681.4576,30
3591,26.645,4000.0,633.2773,681.4576,30
3593,26.645,4000.0,633.2773,681.4576,30
3595,26.49663,4000.0,627.979,689.8616,30
3597,26.49663,4000.0,627.979,689.8616,30
3599,26.51271,4000.0,636.6963,694.7476,30
3601,26.51271,4000.0,636.6963,694.7476,30
3603,26.51271,4000.0,636.6963,694.7476,30
3605,26.65816,4000.0,641.1017,685.7982,30
3607,26.65816,4000.0,641.1017,685.7982,30
3609,26.62831,4000.0,631.9895,681.9109,30
3611,26.62831,4000.0,631.9895,681.9109,30
3613,26.62831,4000.0,631.9895,681.9109,30
3615,26.48655,4000.0,628.6109,691.154,30
3617,26.48655,4000.0,628.6109,691.154,30
3619,26.53115,4000.0,637.926,694.0751,30
3621,26.53115,4000.0,637.926,694.0751,30
3623,26.53115,4000.0,637.926,694.0751,30
3625,26.6675,4000.0,640.4816,684.6108,30
3627,26.6675,4000.0,640.4816,684.6108,30
3629,26.61011,4000.0,630.8143,682.5632,30
3631,26.61011,4000.0,630.8143,682.5632,30
3633,26.61011,4000.0,630.8143,682.5632,30
3635,26.47795,4000.0,629.3372,692.3937,30
3637,26.47795,4000.0,629.3372,692.3937,30
3639,26.55176,4000.0,639.2786,693.3069,30
3641,26.55176,4000.0,639.2786,693.3069,30
3643,26.55176,4000.0,639.2786,693.3069,30
3645,26.67635,4000.0,639.8278,683.443,30
3647,26.67635,4000.0,639.8278,683.443,30
3649,26.59241,4000.0,629.9666,683.4065,30
3651,26.59241,4000.0,629.9666,683.4065,30
3653,26.59241,4000.0,629.9666,683.4065,30
3655,26.47717,4000.0,630.3661,693.2004,30
3657,26.47717,4000.0,630.3661,693.2004,30
3659,26.56924,4000.0,640.0578,692.3975,30
3661,26.56924,4000.0,640.0578,692.3975,30
3663,26.56924,4000.0,640.0578,692.3975,30
3665,26.67778,41.2324,638.8041,682.6247,30
3667,26.67778,41.2324,638.8041,682.6247,30
3669,26.57314,4000.0,629.0115,684.3016,30
3671,26.57314,4000.0,629.0115,684.3016,30
3673,26.57314,4000.0,629.0115,684.3016,30
3675,26.4722,4000.0,631.0336,694.0957,30
3677,26.4722,4000.0,631.0336,694.0957,30
3679,26.58346,4000.0,640.7043,691.6684,30
3681,26.58346,4000.0,640.7043,691.6684,30
3683,26.58346,4000.0,640.7043,691.6684,30
3685,26.67638,4000.0,637.9229,682.1324,30
3687,26.67638,4000.0,637.9229,682.1324,30
3689,26.55638,4000.0,628.6478,685.4153,30
3691,26.55638,4000.0,628.6478,685.4153,30
3693,26.55638,4000.0,628.6478,685.4153,30
3695,26.47716,4000.0,632.2193,694.532,30
3697,26.47716,4000.0,632.2193,694.532,30
3699,26.59966,4000.0,641.1868,690.6624,30
3701,26.59966,4000.0,641.1868,690.6624,30
3703,26.59966,4000.0,641.1868,690.6624,30
3705,26.67178,4000.0,636.8458,681.7636,30
3707,26.67178,4000.0,636.8458,681.7636,30
3709,26.53847,4000.0,628.1487,686.529,30
3711,26.53847,4000.0,628.1487,686.529,30
3713,26.53847,4000.0,628.1487,686.529,30
3715,26.48043,4000.0,633.3544,695.0712,30
3717,26.48043,4000.0,633.3544,695.0712,30
3719,26.61623,4000.0,641.7383,689.6754,30
3721,26.61623,4000.0,641.7383,689.6754,30
3723,26.61623,4000.0,641.7383,689.6754,30
3725,26.66951,4000.0,636.1505,681.4667,30
3727,26.66951,4000.0,636.1505,681.4667,30
3729,26.53003,4000.0,628.2158,687.2715,30
3731,26.53003,4000.0,628.2158,687.2715,30
3733,26.53003,4000.0,628.2158,687.2715,30
3735,26.49003,4000.0,634.3142,694.9529,30
3737,26.49003,4000.0,634.3142,694.9529,30
3739,26.63048,4000.0,641.7302,688.4973,30
3741,26.63048,4000.0,641.7302,688.4973,30
3743,26.63048,4000.0,641.7302,688.4973,30
3745,26.66158,4000.0,634.9395,681.2706,30
3747,26.66158,4000.0,634.9395,681.2706,30
3749,26.51408,4000.0,628.0435,688.4634,30
3751,26.51408,4000.0,628.0435,688.4634,30
3753,26.51408,4000.0,628.0435,688.4634,30
3755,26.50063,4000.0,635.6151,694.9916,30
3757,26.50063,4000.0,635.6151,694.9916,30
3759,26.64723,4000.0,641.778,687.1556,30
3761,26.64723,4000.0,641.778,687.1556,30
3763,26.64723,4000.0,641.778,687.1556,30
3765,26.6508,4000.0,633.7868,681.3424,30
3767,26.6508,4000.0,633.7868,681.3424,30
3769,26.50444,4000.0,628.3807,689.5031,30
3771,26.50444,4000.0,628.3807,689.5031,30
3773,26.50444,4000.0,628.3807,689.5031,30
3775,26.51441,4000.0,636.7287,694.628,30
3777,26.51441,4000.0,636.7287,694.628,30
3779,26.65902,4000.0,641.4541,685.9694,30
3781,26.65902,4000.0,641.4541,685.9694,30
3783,26.65902,4000.0,641.4541,685.9694,30
3785,26.63615,4000.0,632.5023,681.6338,30
3787,26.63615,4000.0,632.5023,681.6338,30
3789,26.49083,4000.0,628.5681,690.7673,30
3791,26.49083,4000.0,628.5681,690.7673,30
3793,26.49083,4000.0,628.5681,690.7673,30
3795,26.53013,4000.0,637.9099,694.1488,30
3797,26.53013,4000.0,637.9099,694.1488,30
3799,26.6693,4000.0,640.7419,684.6423,30
3801,26.6693,4000.0,640.7419,684.6423,30
3803,26.6693,4000.0,640.7419,684.6423,30
3805,26.61746,4000.0,631.1969,682.2353,30
3807,26.61746,4000.0,631.1969,682.2353,30
3809,26.61746,4000.0,631.1969,682.2353,30
3811,26.48437,4000.0,629.2697,691.8104,30
3813,26.48437,4000.0,629.2697,691.8104,30
3815,26.54929,4000.0,638.9692,693.2961,30
3817,26.54929,4000.0,638.9692,693.2961,30
3819,26.54929,4000.0,638.9692,693.2961,30
3821,26.67783,4000.0,640.0221,683.4554,30
3823,26.67783,4000.0,640.0221,683.4554,30
3825,26.60005,154.2992,630.1002,682.8777,30
3827,26.60005,154.2992,630.1002,682.8777,30
3829,26.60005,154.2992,630.1002,682.8777,30
3831,26.47934,4000.0,630.131,692.8499,30
3833,26.47934,4000.0,630.131,692.8499,30
3835,26.57127,4000.0,640.0397,692.2164,30
3837,26.57127,4000.0,640.0397,692.2164,30
3839,26.57127,4000.0,640.0397,692.2164,30
3841,26.68142,41.27767,638.8784,682.38,30
3843,26.68142,41.27767,638.8784,682.38,30
3845,26.57871,4000.0,629.2243,683.9976,30
3847,26.57871,4000.0,629.2243,683.9976,30
3849,26.57871,4000.0,629.2243,683.9976,30
3851,26.48119,4000.0,631.3066,693.5403,30
3853,26.48119,4000.0,631.3066,693.5403,30
3855,26.59219,4000.0,640.8052,691.0157,30
3857,26.59219,4000.0,640.8052,691.0157,30
3859,26.59219,4000.0,640.8052,691.0157,30
3861,26.68178,4000.0,637.7514,681.5768,30
3863,26.68178,4000.0,637.7514,681.5768,30
3865,26.55793,4000.0,628.4832,685.1703,30
3867,26.55793,4000.0,628.4832,685.1703,30
3869,26.55793,4000.0,628.4832,685.1703,30
3871,26.4864,4000.0,632.7039,694.1064,30
3873,26.4864,4000.0,632.7039,694.1064,30
3875,26.61761,4000.0,641.3495,689.2936,30
3877,26.61761,4000.0,641.3495,689.2936,30
3879,26.61761,4000.0,641.3495,689.2936,30
3881,26.67583,4000.0,636.1169,680.9321,30
3883,26.67583,4000.0,636.1169,680.9321,30
3885,26.53806,4000.0,628.1566,686.5677,30
3887,26.53806,4000.0,628.1566,686.5677,30
3889,26.53806,4000.0,628.1566,686.5677,30
3891,26.49654,4000.0,634.1591,694.2984,30
3893,26.49654,4000.0,634.1591,694.2984,30
3895,26.63773,4000.0,641.6121,687.8208,30
3897,26.63773,4000.0,641.6121,687.8208,30
3899,26.63773,4000.0,641.6121,687.8208,30
3901,26.66621,4000.0,634.697,680.7275,30
3903,26.66621,4000.0,634.697,680.7275,30
3905,26.51807,4000.0,627.9293,688.0522,30
3907,26.51807,4000.0,627.9293,688.0522,30
3909,26.51807,4000.0,627.9293,688.0522,30
3911,26.50692,4000.0,635.5755,694.437,30
3913,26.50692,4000.0,635.5755,694.437,30
3915,26.65306,4000.0,641.4766,686.4722,30
3917,26.65306,4000.0,641.4766,686.4722,30
3919,26.65306,4000.0,641.4766,686.4722,30
3921,26.65077,4000.0,633.3209,681.02,30
3923,26.65077,4000.0,633.3209,681.02,30
3925,26.50467,4000.0,628.1824,689.3414,30
3927,26.50467,4000.0,628.1824,689.3414,30
3929,26.50467,4000.0,628.1824,689.3414,30
3931,26.51896,4000.0,636.7178,694.2409,30
3933,26.51896,4000.0,636.7178,694.2409,30
3935,26.66353,4000.0,641.1262,685.3759,30
3937,26.66353,4000.0,641.1262,685.3759,30
3939,26.66353,4000.0,641.1262,685.3759,30
3941,26.63591,4000.0,632.0271,681.3204,30
3943,26.63591,4000.0,632.0271,681.3204,30
3945,26.49085,4000.0,628.3524,690.6104,30
3947,26.49085,4000.0,628.3524,690.6104,30
3949,26.49085,4000.0,628.3524,690.6104,30
3951,26.53179,4000.0,637.7631,693.9069,30
3953,26.53179,4000.0,637.7631,693.9069,30
3955,26.67027,4000.0,640.5791,684.4518,30
3957,26.67027,4000.0,640.5791,684.4518,30
3959,26.67027,4000.0,640.5791,684.4518,30
3961,26.61921,4000.0,631.1132,682.0339,30
3963,26.61921,4000.0,631.1132,682.0339,30
3965,26.48677,4000.0,629.2708,691.6107,30
3967,26.48677,4000.0,629.2708,691.6107,30
3969,26.48677,4000.0,629.2708,691.6107,30
3971,26.55317,4000.0,639.0573,693.0349,30
3973,26.55317,4000.0,639.0573,693.0349,30
3975,26.68112,4000.0,639.9728,683.1546,30
3977,26.68112,4000.0,639.9728,683.1546,30
3979,26.68112,4000.0,639.9728,683.1546,30
3981,26.60193,154.2812,630.0323,682.6768,30
3983,26.60193,154.2812,630.0323,682.6768,30
3985,26.48073,4000.0,630.0359,692.6654,30
3987,26.48073,4000.0,630.0359,692.6654,30
3989,26.48073,4000.0,630.0359,692.6654,30
3991,26.57141,4000.0,639.9276,692.1272,30
3993,26.57141,4000.0,639.9276,692.1272,30
3995,26.68299,42.63478,638.9551,682.3057,30
3997,26.68299,42.63478,638.9551,682.3057,30
3999,26.68299,42.63478,638.9551,682.3057,30
4001,26.58283,4000.0,629.335,683.7396,30
4003,26.58283,4000.0,629.335,683.7396,30
4005,26.48237,4000.0,631.1976,693.3633,30
4007,26.48237,4000.0,631.1976,693.3633,30
4009,26.48237,4000.0,631.1976,693.3633,30
4011,26.59308,4000.0,640.7772,690.9227,30
4013,26.59308,4000.0,640.7772,690.9227,30
4015,26.68453,4000.0,637.8376,681.4131,30
4017,26.68453,4000.0,637.8376,681.4131,30
4019,26.68453,4000.0,637.8376,681.4131,30
4021,26.5611,4000.0,628.5206,684.9376,30
4023,26.5611,4000.0,628.5206,684.9376,30
4025,26.48555,4000.0,632.5282,694.0522,30
4027,26.48555,4000.0,632.5282,694.0522,30
4029,26.48555,4000.0,632.5282,694.0522,30
4031,26.61398,4000.0,641.3566,689.598,30
4033,26.61398,4000.0,641.3566,689.598,30
4035,26.67809,4000.0,636.5527,681.0501,30
4037,26.67809,4000.0,636.5527,681.0501,30
4039,26.67809,4000.0,636.5527,681.0501,30
4041,26.54338,4000.0,628.2624,686.2064,30
4043,26.54338,4000.0,628.2624,686.2064,30
4045,26.49417,4000.0,633.8489,694.2746,30
4047,26.49417,4000.0,633.8489,694.2746,30
4049,26.49417,4000.0,633.8489,694.2746,30
4051,26.63429,4000.0,641.5232,688.042,30
4053,26.63429,4000.0,641.5232,688.042,30
4055,26.63429,4000.0,641.5232,688.042,30
4057,26.66774,4000.0,634.8045,680.6783,30
4059,26.66774,4000.0,634.8045,680.6783,30
4061,26.52039,4000.0,627.7414,687.725,30
4063,26.52039,4000.0,627.7414,687.725,30
4065,26.52039,4000.0,627.7414,687.725,30
4067,26.5022,4000.0,635.0676,694.4716,30
4069,26.5022,4000.0,635.0676,694.4716,30
4071,26.64683,4000.0,641.3896,686.9222,30
4073,26.64683,4000.0,641.3896,686.9222,30
4075,26.64683,4000.0,641.3896,686.9222,30
4077,26.65392,4000.0,633.6464,680.9918,30
4079,26.65392,4000.0,633.6464,680.9918,30
4081,26.50729,4000.0,628.0147,689.0043,30
4083,26.50729,4000.0,628.0147,689.0043,30
4085,26.50729,4000.0,628.0147,689.0043,30
4087,26.51411,4000.0,636.33,694.3712,30
4089,26.51411,4000.0,636.33,694.3712,30
4091,26.6604,4000.0,641.2821,685.7383,30
4093,26.6604,4000.0,641.2821,685.7383,30
4095,26.6604,4000.0,641.2821,685.7383,30
4097,26.64112,4000.0,632.4149,681.1696,30
4099,26.64112,4000.0,632.4149,681.1696,30
4101,26.49547,4000.0,628.3831,690.2485,30
4103,26.49547,4000.0,628.3831,690.2485,30
4105,26.49547,4000.0,628.3831,690.2485,30
4107,26.53222,4000.0,637.6683,693.8047,30
4109,26.53222,4000.0,637.6683,693.8047,30
4111,26.67036,4000.0,640.5983,684.4577,30
4113,26.67036,4000.0,640.5983,684.4577,30
4115,26.67036,4000.0,640.5983,684.4577,30
4117,26.62289,4000.0,631.1776,681.78,30
4119,26.62289,4000.0,631.1776,681.78,30
4121,26.48624,4000.0,628.7885,691.3076,30
4123,26.48624,4000.0,628.7885,691.3076,30
4125,26.48624,4000.0,628.7885,691.3076,30
4127,26.54788,4000.0,638.5336,693.1082,30
4129,26.54788,4000.0,638.5336,693.1082,30
4131,26.67821,4000.0,639.7316,683.2258,30
4133,26.67821,4000.0,639.7316,683.2258,30
4135,26.67821,4000.0,639.7316,683.2258,30
4137,26.60169,154.4064,629.7899,682.5248,30
4139,26.60169,154.4064,629.7899,682.5248,30
4141,26.47952,4000.0,629.6439,692.4838,30
4143,26.47952,4000.0,629.6439,692.4838,30
4145,26.47952,4000.0,629.6439,692.4838,30
4147,26.56678,4000.0,639.5067,692.2178,30
4149,26.56678,4000.0,639.5067,692.2178,30
4151,26.67987,43.29468,638.8292,682.4719,30
4153,26.67987,43.29468,638.8292,682.4719,30
4155,26.67987,43.29468,638.8292,682.4719,30
4157,26.58404,4000.0,629.1099,683.4814,30
4159,26.58404,4000.0,629.1099,683.4814,30
4161,26.47801,4000.0,630.5388,693.254,30
4163,26.47801,4000.0,630.5388,693.254,30
4165,26.47801,4000.0,630.5388,693.254,30
4167,26.58386,4000.0,640.2975,691.3523,30
4169,26.58386,4000.0,640.2975,691.3523,30
4171,26.6828,4000.0,637.9805,681.6517,30
4173,26.6828,4000.0,637.9805,681.6517,30
4175,26.6828,4000.0,637.9805,681.6517,30
4177,26.56721,4000.0,628.4003,684.3516,30
4179,26.56721,4000.0,628.4003,684.3516,30
4181,26.4797,4000.0,631.4858,693.7936,30
4183,26.4797,4000.0,631.4858,693.7936,30
4185,26.4797,4000.0,631.4858,693.7936,30
4187,26.59932,4000.0,640.6857,690.3436,30
4189,26.59932,4000.0,640.6857,690.3436,30
4191,26.6777,4000.0,636.9258,681.3388,30
4193,26.6777,4000.0,636.9258,681.3388,30
4195,26.6777,4000.0,636.9258,681.3388,30
4197,26.55081,4000.0,627.9897,685.4015,30
4199,26.55081,4000.0,627.9897,685.4015,30
4201,26.48056,4000.0,632.3217,694.3212,30
4203,26.48056,4000.0,632.3217,694.3212,30
4205,26.48056,4000.0,632.3217,694.3212,30
4207,26.61142,4000.0,641.105,689.6351,30
4209,26.61142,4000.0,641.105,689.6351,30
4211,26.67575,4000.0,636.15,680.9609,30
4213,26.67575,4000.0,636.15,680.9609,30
4215,26.67575,4000.0,636.15,680.9609,30
4217,26.53864,4000.0,627.6427,686.152,30
4219,26.53864,4000.0,627.6427,686.152,30
4221,26.48356,4000.0,632.9865,694.5465,30
4223,26.48356,4000.0,632.9865,694.5465,30
4225,26.48356,4000.0,632.9865,694.5465,30
4227,26.61807,4000.0,641.1448,689.1153,30
4229,26.61807,4000.0,641.1448,689.1153,30
4231,26.67155,4000.0,635.6613,680.9636,30
4233,26.67155,4000.0,635.6613,680.9636,30
4235,26.67155,4000.0,635.6613,680.9636,30
4237,26.53182,4000.0,627.6475,686.7164,30
4239,26.53182,4000.0,627.6475,686.7164,30
4241,26.48955,4000.0,633.7509,694.5914,30
4243,26.48955,4000.0,633.7509,694.5914,30
4245,26.48955,4000.0,633.7509,694.5914,30
4247,26.63159,4000.0,641.2906,688.1038,30
4249,26.63159,4000.0,641.2906,688.1038,30
4251,26.66174,4000.0,634.4093,680.8893,30
4253,26.66174,4000.0,634.4093,680.8893,30
4255,26.66174,4000.0,634.4093,680.8893,30
4257,26.51437,4000.0,627.6271,688.1402,30
4259,26.51437,4000.0,627.6271,688.1402,30
4261,26.49988,4000.0,635.0469,694.6503,30
4263,26.49988,4000.0,635.0469,694.6503,30
4265,26.49988,4000.0,635.0469,694.6503,30
4267,26.64359,4000.0,641.1671,687.0349,30
4269,26.64359,4000.0,641.1671,687.0349,30
4271,26.64881,4000.0,633.3172,681.1761,30
4273,26.64881,4000.0,633.3172,681.1761,30
4275,26.64881,4000.0,633.3172,681.1761,30
4277,26.50091,4000.0,627.8372,689.4047,30
4279,26.50091,4000.0,627.8372,689.4047,30
4281,26.5125,4000.0,636.3793,694.541,30
4283,26.5125,4000.0,636.3793,694.541,30
4285,26.5125,4000.0,636.3793,694.541,30
4287,26.65835,4000.0,641.0338,685.7355,30
4289,26.65835,4000.0,641.0338,685.7355,30
4291,26.63299,4000.0,631.9906,681.5314,30
4293,26.63299,4000.0,631.9906,681.5314,30
4295,26.63299,4000.0,631.9906,681.5314,30
4297,26.48858,4000.0,628.2048,690.6921,30
4299,26.48858,4000.0,628.2048,690.6921,30
4301,26.52574,4000.0,637.3987,694.1552,30
4303,26.52574,4000.0,637.3987,694.1552,30
4305,26.52574,4000.0,637.3987,694.1552,30
4307,26.66423,4000.0,640.4871,684.8812,30
4309,26.66423,4000.0,640.4871,684.8812,30
4311,26.66423,4000.0,640.4871,684.8812,30
4313,26.6174,4000.0,631.0479,682.1347,30
4315,26.6174,4000.0,631.0479,682.1347,30
4317,26.47713,4000.0,628.4529,691.824,30
4319,26.47713,4000.0,628.4529,691.824,30
4321,26.47713,4000.0,628.4529,691.824,30
4323,26.525,4000.0,638.1243,694.7275,30
4325,26.525,4000.0,638.1243,694.7275,30
4327,26.66441,4000.0,640.869,685.1287,30
4329,26.66441,4000.0,640.869,685.1287,30
4331,26.66441,4000.0,640.869,685.1287,30
4333,26.60997,4000.0,631.2026,682.8488,30
4335,26.60997,4000.0,631.2026,682.8488,30
4337,26.47671,4000.0,629.4595,692.5856,30
4339,26.47671,4000.0,629.4595,692.5856,30
4341,26.47671,4000.0,629.4595,692.5856,30
4343,26.54486,4000.0,639.1526,693.7927,30
4345,26.54486,4000.0,639.1526,693.7927,30
4347,26.67067,4000.0,640.0462,684.0547,30
4349,26.67067,4000.0,640.0462,684.0547,30
4351,26.67067,4000.0,640.0462,684.0547,30
4353,26.59277,154.1363,630.1855,683.5321,30
4355,26.59277,154.1363,630.1855,683.5321,30
4357,26.47172,4000.0,630.127,693.4826,30
4359,26.47172,4000.0,630.127,693.4826,30
4361,26.47172,4000.0,630.127,693.4826,30
4363,26.56193,4000.0,640.0903,693.0277,30
4365,26.56193,4000.0,640.0903,693.0277,30
4367,26.67513,42.63374,639.1984,683.1104,30
4369,26.67513,42.63374,639.1984,683.1104,30
4371,26.67513,42.63374,639.1984,683.1104,30
4373,26.57339,4000.0,629.3794,684.5436,30
4375,26.57339,4000.0,629.3794,684.5436,30
4377,26.47272,4000.0,631.2496,694.2072,30
4379,26.47272,4000.0,631.2496,694.2072,30
4381,26.47272,4000.0,631.2496,694.2072,30
4383,26.58068,4000.0,640.7358,691.92,30
4385,26.58068,4000.0,640.7358,691.92,30
4387,26.67336,4000.0,638.0868,682.4901,30
4389,26.67336,4000.0,638.0868,682.4901,30
4391,26.67336,4000.0,638.0868,682.4901,30
4393,26.55394,4000.0,628.7144,685.6628,30
4395,26.55394,4000.0,628.7144,685.6628,30
4397,26.47505,4000.0,632.4505,694.875,30
4399,26.47505,4000.0,632.4505,694.875,30
4401,26.47505,4000.0,632.4505,694.875,30
4403,26.60242,4000.0,641.463,690.6252,30
4405,26.60242,4000.0,641.463,690.6252,30
4407,26.6753,4000.0,637.1407,681.6816,30
4409,26.6753,4000.0,637.1407,681.6816,30
4411,26.6753,4000.0,637.1407,681.6816,30
4413,26.54715,4000.0,628.0445,685.7408,30
4415,26.54715,4000.0,628.0445,685.7408,30
4417,26.47409,4000.0,632.0936,694.6993,30
4419,26.47409,4000.0,632.0936,694.6993,30
4421,26.47409,4000.0,632.0936,694.6993,30
4423,26.59982,4000.0,640.8887,690.4424,30
4425,26.59982,4000.0,640.8887,690.4424,30
4427,26.66903,4000.0,636.3746,681.6609,30
4429,26.66903,4000.0,636.3746,681.6609,30
4431,26.66903,4000.0,636.3746,681.6609,30
4433,26.53439,4000.0,627.7865,686.6048,30
4435,26.53439,4000.0,627.7865,686.6048,30
4437,26.48003,4000.0,633.2023,694.9963,30
4439,26.48003,4000.0,633.2023,694.9963,30
4441,26.48003,4000.0,633.2023,694.9963,30
4443,26.61871,4000.0,641.2724,689.1505,30
4445,26.61871,4000.0,641.2724,689.1505,30
4447,26.66311,4000.0,635.156,681.2966,30
4449,26.66311,4000.0,635.156,681.2966,30
4451,26.66311,4000.0,635.156,681.2966,30
4453,26.5202,4000.0,627.5447,687.5997,30
4455,26.5202,4000.0,627.5447,687.5997,30
4457,26.48659,4000.0,633.96,694.988,30
4459,26.48659,4000.0,633.96,694.988,30
4461,26.48659,4000.0,633.96,694.988,30
4463,26.62752,4000.0,641.1241,688.3239,30
4465,26.62752,4000.0,641.1241,688.3239,30
4467,26.65225,163.7735,634.0706,681.4225,30
4469,26.65225,163.7735,634.0706,681.4225,30
4471,26.65225,163.7735,634.0706,681.4225,30
4473,26.50435,4000.0,627.5421,688.9072,30
4475,26.50435,4000.0,627.5421,688.9072,30
4477,26.49738,4000.0,635.3949,695.1068,30
4479,26.49738,4000.0,635.3949,695.1068,30
4481,26.49738,4000.0,635.3949,695.1068,30
4483,26.64419,4000.0,641.2932,687.072,30
4485,26.64419,4000.0,641.2932,687.072,30
4487,26.64296,4000.0,633.0701,681.4784,30
4489,26.64296,4000.0,633.0701,681.4784,30
4491,26.64296,4000.0,633.0701,681.4784,30
4493,26.49612,4000.0,627.807,689.7792,30
4495,26.49612,4000.0,627.807,689.7792,30
4497,26.50866,4000.0,636.2186,694.7481,30
4499,26.50866,4000.0,636.2186,694.7481,30
4501,26.50866,4000.0,636.2186,694.7481,30
4503,26.65239,4000.0,640.8139,686.072,30
4505,26.65239,4000.0,640.8139,686.072,30
4507,26.62774,4000.0,631.8315,681.8456,30
4509,26.62774,4000.0,631.8315,681.8456,30
4511,26.62774,4000.0,631.8315,681.8456,30
4513,26.4826,4000.0,628.0233,691.0582,30
4515,26.4826,4000.0,628.0233,691.0582,30
4517,26.52108,4000.0,637.4084,694.551,30
4519,26.52108,4000.0,637.4084,694.551,30
4521,26.52108,4000.0,637.4084,694.551,30
4523,26.66185,4000.0,640.5004,685.0845,30
4525,26.66185,4000.0,640.5004,685.0845,30
4527,26.61413,4000.0,630.983,682.3555,30
4529,26.61413,4000.0,630.983,682.3555,30
4531,26.61413,4000.0,630.983,682.3555,30
4533,26.47869,4000.0,628.7018,691.8734,30
4535,26.47869,4000.0,628.7018,691.8734,30
4537,26.53716,4000.0,638.2966,693.8342,30
4539,26.53716,4000.0,638.2966,693.8342,30
4541,26.53716,4000.0,638.2966,693.8342,30
4543,26.66793,4000.0,639.7651,684.0848,30
4545,26.66793,4000.0,639.7651,684.0848,30
4547,26.59593,157.3968,629.8627,683.0455,30
4549,26.59593,157.3968,629.8627,683.0455,30
4551,26.59593,157.3968,629.8627,683.0455,30
4553,26.47004,4000.0,629.2603,692.9984,30
4555,26.47004,4000.0,629.2603,692.9984,30
4557,26.47004,4000.0,629.2603,692.9984,30
4559,26.55383,4000.0,639.2359,693.1046,30
4561,26.55383,4000.0,639.2359,693.1046,30
4563,26.67226,4000.0,638.9135,683.1476,30
4565,26.67226,4000.0,638.9135,683.1476,30
4567,26.67226,4000.0,638.9135,683.1476,30
4569,26.57891,4000.0,629.095,683.8896,30
4571,26.57891,4000.0,629.095,683.8896,30
4573,26.47101,4000.0,630.2368,693.6213,30
4575,26.47101,4000.0,630.2368,693.6213,30
4577,26.47101,4000.0,630.2368,693.6213,30
4579,26.57035,4000.0,639.876,692.1788,30
4581,26.57035,4000.0,639.876,692.1788,30
4583,26.67253,4000.0,637.9581,682.4694,30
4585,26.67253,4000.0,637.9581,682.4694,30
4587,26.67253,4000.0,637.9581,682.4694,30
4589,26.55949,4000.0,628.2971,684.9095,30
4591,26.55949,4000.0,628.2971,684.9095,30
4593,26.46955,4000.0,631.2305,694.4593,30
4595,26.46955,4000.0,631.2305,694.4593,30
4597,26.46955,4000.0,631.2305,694.4593,30
4599,26.58917,4000.0,640.6003,691.1232,30
4601,26.58917,4000.0,640.6003,691.1232,30
4603,26.66924,4000.0,636.8259,681.9555,30
4605,26.66924,4000.0,636.8259,681.9555,30
4607,26.66924,4000.0,636.8259,681.9555,30
4609,26.54183,4000.0,627.953,686.1122,30
4611,26.54183,4000.0,627.953,686.1122,30
4613,26.47565,4000.0,632.429,694.8088,30
4615,26.47565,4000.0,632.429,694.8088,30
4617,26.47565,4000.0,632.429,694.8088,30
4619,26.607,4000.0,640.9753,689.9104,30
4621,26.607,4000.0,640.9753,689.9104,30
4623,26.66406,4000.0,635.6185,681.5406,30
4625,26.66406,4000.0,635.6185,681.5406,30
4627,26.66406,4000.0,635.6185,681.5406,30
4629,26.52315,4000.0,627.5891,687.3883,30
4631,26.52315,4000.0,627.5891,687.3883,30
4633,26.48396,4000.0,633.8848,695.1554,30
4635,26.48396,4000.0,633.8848,695.1554,30
4637,26.48396,4000.0,633.8848,695.1554,30
4639,26.62615,4000.0,641.2616,688.531,30
4641,26.62615,4000.0,641.2616,688.531,30
4643,26.65231,166.6909,634.2595,681.5495,30
4645,26.65231,166.6909,634.2595,681.5495,30
4647,26.65231,166.6909,634.2595,681.5495,30
4649,26.50743,4000.0,627.7463,688.7998,30
4651,26.50743,4000.0,627.7463,688.7998,30
4653,26.49721,4000.0,635.2735,695.0351,30
4655,26.49721,4000.0,635.2735,695.0351,30
4657,26.49721,4000.0,635.2735,695.0351,30
4659,26.64281,4000.0,641.1675,687.0988,30
4661,26.64281,4000.0,641.1675,687.0988,30
4663,26.64179,4000.0,632.9459,681.4863,30
4665,26.64179,4000.0,632.9459,681.4863,30
4667,26.64179,4000.0,632.9459,681.4863,30
4669,26.49318,4000.0,627.8052,690.0223,30
4671,26.49318,4000.0,627.8052,690.0223,30
4673,26.51169,4000.0,636.5922,694.7587,30
4675,26.51169,4000.0,636.5922,694.7587,30
4677,26.51169,4000.0,636.5922,694.7587,30
4679,26.65604,4000.0,640.8563,685.8027,30
4681,26.65604,4000.0,640.8563,685.8027,30
4683,26.62691,4000.0,631.8214,681.9063,30
4685,26.62691,4000.0,631.8214,681.9063,30
4687,26.62691,4000.0,631.8214,681.9063,30
4689,26.48476,4000.0,628.2332,691.0297,30
4691,26.48476,4000.0,628.2332,691.0297,30
4693,26.52432,4000.0,637.4978,694.343,30
4695,26.52432,4000.0,637.4978,694.343,30
4697,26.52432,4000.0,637.4978,694.343,30
4699,26.66394,4000.0,640.4208,684.8599,30
4701,26.66394,4000.0,640.4208,684.8599,30
4703,26.61477,4000.0,630.8155,682.1854,30
4705,26.61477,4000.0,630.8155,682.1854,30
4707,26.61477,4000.0,630.8155,682.1854,30
4709,26.47739,4000.0,628.6083,691.9137,30
4711,26.47739,4000.0,628.6083,691.9137,30
4713,26.5409,4000.0,638.4095,693.6025,30
4715,26.5409,4000.0,638.4095,693.6025,30
4717,26.5409,4000.0,638.4095,693.6025,30
4719,26.67039,4000.0,639.6232,683.7869,30
4721,26.67039,4000.0,639.6232,683.7869,30
4723,26.59806,4000.0,629.871,682.8777,30
4725,26.59806,4000.0,629.871,682.8777,30
4727,26.59806,4000.0,629.871,682.8777,30
4729,26.47396,4000.0,629.2224,692.6438,30
4731,26.47396,4000.0,629.2224,692.6438,30
4733,26.55496,4000.0,639.0766,692.8993,30
4735,26.55496,4000.0,639.0766,692.8993,30
4737,26.55496,4000.0,639.0766,692.8993,30
4739,26.67393,4000.0,638.8361,682.959,30
4741,26.67393,4000.0,638.8361,682.959,30
4743,26.58139,4000.0,628.8798,683.5338,30
4745,26.58139,4000.0,628.8798,683.5338,30
4747,26.58139,4000.0,628.8798,683.5338,30
4749,26.4703,4000.0,629.9116,693.4457,30
4751,26.4703,4000.0,629.9116,693.4457,30
4753,26.57242,4000.0,639.7202,691.8994,30
4755,26.57242,4000.0,639.7202,691.8994,30
4757,26.57242,4000.0,639.7202,691.8994,30
4759,26.6733,4000.0,637.7051,682.2322,30
4761,26.6733,4000.0,637.7051,682.2322,30
4763,26.56322,4000.0,628.2169,684.5471,30
4765,26.56322,4000.0,628.2169,684.5471,30
4767,26.56322,4000.0,628.2169,684.5471,30
4769,26.47297,4000.0,630.9355,693.9603,30
4771,26.47297,4000.0,630.9355,693.9603,30
4773,26.59131,4000.0,640.2698,690.7169,30
4775,26.59131,4000.0,640.2698,690.7169,30
4777,26.59131,4000.0,640.2698,690.7169,30
4779,26.67175,4000.0,636.4766,681.5105,30
4781,26.67175,4000.0,636.4766,681.5105,30
4783,26.54241,4000.0,627.4564,685.7092,30
4785,26.54241,4000.0,627.4564,685.7092,30
4787,26.54241,4000.0,627.4564,685.7092,30
4789,26.47796,4000.0,632.2067,694.4562,30
4791,26.47796,4000.0,632.2067,694.4562,30
4793,26.6119,4000.0,640.6038,689.2495,30
4795,26.6119,4000.0,640.6038,689.2495,30
4797,26.6119,4000.0,640.6038,689.2495,30
4799,26.66319,4000.0,634.9987,681.181,30
4801,26.66319,4000.0,634.9987,681.181,30
4803,26.52405,4000.0,627.152,686.9998,30
4805,26.52405,4000.0,627.152,686.9998,30
4807,26.52405,4000.0,627.152,686.9998,30
4809,26.48546,4000.0,633.3565,694.6516,30
4811,26.48546,4000.0,633.3565,694.6516,30
4813,26.48546,4000.0,633.3565,694.6516,30
4815,26.62778,4000.0,640.7416,688.0389,30
4817,26.62778,4000.0,640.7416,688.0389,30
4819,26.65562,4000.0,633.7427,680.9211,30
4821,26.65562,4000.0,633.7427,680.9211,30
4823,26.65562,4000.0,633.7427,680.9211,30
4825,26.50757,4000.0,626.9171,688.1898,30
4827,26.50757,4000.0,626.9171,688.1898,30
4829,26.49594,4000.0,634.524,694.6075,30
4831,26.49594,4000.0,634.524,694.6075,30
4833,26.49594,4000.0,634.524,694.6075,30
4835,26.64114,4000.0,640.5105,686.7844,30
4837,26.64114,4000.0,640.5105,686.7844,30
4839,26.64046,4000.0,632.4626,681.2562,30
4841,26.64046,4000.0,632.4626,681.2562,30
4843,26.64046,4000.0,632.4626,681.2562,30
4845,26.49393,4000.0,627.1548,689.4902,30
4847,26.49393,4000.0,627.1548,689.4902,30
4849,26.50741,4000.0,635.7048,694.488,30
4851,26.50741,4000.0,635.7048,694.488,30
4853,26.50741,4000.0,635.7048,694.488,30
4855,26.65289,4000.0,640.27,685.6582,30
4857,26.65289,4000.0,640.27,685.6582,30
4859,26.62687,4000.0,631.2086,681.4791,30
4861,26.62687,4000.0,631.2086,681.4791,30
4863,26.62687,4000.0,631.2086,681.4791,30
4865,26.48141,4000.0,627.4043,690.7097,30
4867,26.48141,4000.0,627.4043,690.7097,30
4869,26.5235,4000.0,636.7943,693.9156,30
4871,26.5235,4000.0,636.7943,693.9156,30
4873,26.5235,4000.0,636.7943,693.9156,30
4875,26.66036,4000.0,639.4227,684.4664,30
4877,26.66036,4000.0,639.4227,684.4664,30
4879,26.60484,4000.0,629.8713,682.3263,30
4881,26.60484,4000.0,629.8713,682.3263,30
4883,26.60484,4000.0,629.8713,682.3263,30
4885,26.47184,4000.0,628.0511,691.9742,30
4887,26.47184,4000.0,628.0511,691.9742,30
4889,26.54085,4000.0,637.8855,693.2386,30
4891,26.54085,4000.0,637.8855,693.2386,30
4893,26.54085,4000.0,637.8855,693.2386,30
4895,26.66694,4000.0,638.5472,683.3289,30
4897,26.66694,4000.0,638.5472,683.3289,30
4899,26.58149,4000.0,628.5807,683.3132,30
4901,26.58149,4000.0,628.5807,683.3132,30
4903,26.58149,4000.0,628.5807,683.3132,30
4905,26.46592,4000.0,629.1182,693.2391,30
4907,26.46592,4000.0,629.1182,693.2391,30
4909,26.56248,4000.0,638.9376,692.1774,30
4911,26.56248,4000.0,638.9376,692.1774,30
4913,26.56248,4000.0,638.9376,692.1774,30
4915,26.66674,4000.0,637.3488,682.5189,30
4917,26.66674,4000.0,637.3488,682.5189,30
4919,26.56147,4000.0,627.7505,684.3575,30
4921,26.56147,4000.0,627.7505,684.3575,30
4923,26.56147,4000.0,627.7505,684.3575,30
4925,26.46499,4000.0,630.0334,693.9783,30
4927,26.46499,4000.0,630.0334,693.9783,30
4929,26.57914,4000.0,639.5883,691.2507,30
4931,26.57914,4000.0,639.5883,691.2507,30
4933,26.57914,4000.0,639.5883,691.2507,30
4935,26.66684,4000.0,636.3311,681.8083,30
4937,26.66684,4000.0,636.3311,681.8083,30
4939,26.54152,4000.0,627.0821,685.5133,30
4941,26.54152,4000.0,627.0821,685.5133,30
4943,26.54152,4000.0,627.0821,685.5133,30
4945,26.46852,4000.0,631.2239,694.5409,30
4947,26.46852,4000.0,631.2239,694.5409,30
4949,26.59706,4000.0,639.9648,690.0311,30
4951,26.59706,4000.0,639.9648,690.0311,30
4953,26.59706,4000.0,639.9648,690.0311,30
4955,26.66086,4000.0,635.171,681.4896,30
4957,26.66086,4000.0,635.171,681.4896,30
4959,26.5259,4000.0,626.7772,686.5786,30
4961,26.5259,4000.0,626.7772,686.5786,30
4963,26.5259,4000.0,626.7772,686.5786,30
4965,26.47398,4000.0,632.2709,694.8353,30
4967,26.47398,4000.0,632.2709,694.8353,30
4969,26.61303,4000.0,640.1973,688.876,30
4971,26.61303,4000.0,640.1973,688.876,30
4973,26.61303,4000.0,640.1973,688.876,30
4975,26.65231,4000.0,633.769,681.2074,30
4977,26.65231,4000.0,633.769,681.2074,30
4979,26.50669,4000.0,626.3627,687.8626,30
4981,26.50669,4000.0,626.3627,687.8626,30
4983,26.50669,4000.0,626.3627,687.8626,30
4985,26.48327,4000.0,633.39,694.8594,30
4987,26.48327,4000.0,633.39,694.8594,30
4989,26.62673,4000.0,640.0242,687.6307,30
4991,26.62673,4000.0,640.0242,687.6307,30
4993,26.62673,4000.0,640.0242,687.6307,30
4995,26.64296,166.365,632.6484,681.1832,30
4997,26.64296,166.365,632.6484,681.1832,30
4999,26.49585,4000.0,626.431,688.8083,30
5001,26.49585,4000.0,626.431,688.8083,30
5003,26.49585,4000.0,626.431,688.8083,30
5005,26.49316,4000.0,634.4301,694.7734,30
5007,26.49316,4000.0,634.4301,694.7734,30
5009,26.63998,4000.0,639.9794,686.5136,30
5011,26.63998,4000.0,639.9794,686.5136,30
5013,26.63998,4000.0,639.9794,686.5136,30
5015,26.62875,4000.0,631.3819,681.4478,30
5017,26.62875,4000.0,631.3819,681.4478,30
5019,26.48122,4000.0,626.7341,690.2399,30
5021,26.48122,4000.0,626.7341,690.2399,30
5023,26.48122,4000.0,626.7341,690.2399,30
5025,26.50766,4000.0,635.655,694.4316,30
5027,26.50766,4000.0,635.655,694.4316,30
5029,26.64867,4000.0,639.4064,685.4084,30
5031,26.64867,4000.0,639.4064,685.4084,30
5033,26.64867,4000.0,639.4064,685.4084,30
5035,26.61221,4000.0,630.2408,681.988,30
5037,26.61221,4000.0,630.2408,681.988,30
5039,26.47127,4000.0,627.1907,691.3979,30
5041,26.47127,4000.0,627.1907,691.3979,30
5043,26.47127,4000.0,627.1907,691.3979,30
5045,26.52326,4000.0,636.8082,693.9455,30
5047,26.52326,4000.0,636.8082,693.9455,30
5049,26.65812,4000.0,638.7637,684.195,30
5051,26.65812,4000.0,638.7637,684.195,30
5053,26.65812,4000.0,638.7637,684.195,30
5055,26.59158,4000.0,628.9288,682.7383,30
5057,26.59158,4000.0,628.9288,682.7383,30
5059,26.59158,4000.0,628.9288,682.7383,30
5061,26.46294,4000.0,627.9296,692.6281,30
5063,26.46294,4000.0,627.9296,692.6281,30
5065,26.53972,4000.0,637.7292,693.223,30
5067,26.53972,4000.0,637.7292,693.223,30
5069,26.53972,4000.0,637.7292,693.223,30
5071,26.65978,4000.0,637.895,683.4619,30
5073,26.65978,4000.0,637.895,683.4619,30
5075,26.57223,4000.0,628.0793,683.7121,30
5077,26.57223,4000.0,628.0793,683.7121,30
5079,26.57223,4000.0,628.0793,683.7121,30
5081,26.45978,4000.0,628.8938,693.5903,30
5083,26.45978,4000.0,628.8938,693.5903,30
5085,26.55997,4000.0,638.7666,692.2662,30
5087,26.55997,4000.0,638.7666,692.2662,30
5089,26.55997,4000.0,638.7666,692.2662,30
5091,26.66482,4000.0,636.9969,682.4319,30
5093,26.66482,4000.0,636.9969,682.4319,30
5095,26.55429,4000.0,627.3061,684.6273,30
5097,26.55429,4000.0,627.3061,684.6273,30
5099,26.55429,4000.0,627.3061,684.6273,30
5101,26.46293,4000.0,629.9984,694.1254,30
5103,26.46293,4000.0,629.9984,694.1254,30
5105,26.57933,4000.0,639.2418,690.9938,30
5107,26.57933,4000.0,639.2418,690.9938,30
5109,26.57933,4000.0,639.2418,690.9938,30
5111,26.66108,4000.0,635.7205,681.8524,30
5113,26.66108,4000.0,635.7205,681.8524,30
5115,26.53379,4000.0,626.7527,685.912,30
5117,26.53379,4000.0,626.7527,685.912,30
5119,26.53379,4000.0,626.7527,685.912,30
5121,26.46819,4000.0,631.39,694.6879,30
5123,26.46819,4000.0,631.39,694.6879,30
5125,26.60278,4000.0,639.8248,689.4625,30
5127,26.60278,4000.0,639.8248,689.4625,30
5129,26.60278,4000.0,639.8248,689.4625,30
5131,26.65359,4000.0,634.086,681.3245,30
5133,26.65359,4000.0,634.086,681.3245,30
5135,26.51095,4000.0,626.3173,687.478,30
5137,26.51095,4000.0,626.3173,687.478,30
5139,26.51095,4000.0,626.3173,687.478,30
5141,26.47884,4000.0,632.8546,694.847,30
5143,26.47884,4000.0,632.8546,694.847,30
5145,26.62014,4000.0,639.8139,688.0262,30
5147,26.62014,4000.0,639.8139,688.0262,30
5149,26.62014,4000.0,639.8139,688.0262,30
5151,26.64261,162.6354,632.7078,681.2535,30
5153,26.64261,162.6354,632.7078,681.2535,30
5155,26.49477,4000.0,626.2313,688.7531,30
5157,26.49477,4000.0,626.2313,688.7531,30
5159,26.49477,4000.0,626.2313,688.7531,30
5161,26.48851,4000.0,634.0739,694.9091,30
5163,26.48851,4000.0,634.0739,694.9091,30
5165,26.63521,4000.0,639.8055,686.7847,30
5167,26.63521,4000.0,639.8055,686.7847,30
5169,26.63521,4000.0,639.8055,686.7847,30
5171,26.62752,4000.0,631.3599,681.5323,30
5173,26.62752,4000.0,631.3599,681.5323,30
5175,26.48038,4000.0,626.5583,690.1824,30
5177,26.48038,4000.0,626.5583,690.1824,30
5179,26.48038,4000.0,626.5583,690.1824,30
5181,26.50403,4000.0,635.3476,694.5172,30
5183,26.50403,4000.0,635.3476,694.5172,30
5185,26.64576,4000.0,639.3042,685.5757,30
5187,26.64576,4000.0,639.3042,685.5757,30
5189,26.64576,4000.0,639.3042,685.5757,30
5191,26.61196,4000.0,630.1555,681.9483,30
5193,26.61196,4000.0,630.1555,681.9483,30
5195,26.46948,4000.0,626.9025,691.3385,30
5197,26.46948,4000.0,626.9025,691.3385,30
5199,26.46948,4000.0,626.9025,691.3385,30
5201,26.51797,4000.0,636.4589,694.14,30
5203,26.51797,4000.0,636.4589,694.14,30
5205,26.6545,4000.0,638.6733,684.4282,30
5207,26.6545,4000.0,638.6733,684.4282,30
5209,26.6545,4000.0,638.6733,684.4282,30
5211,26.59193,4000.0,628.8788,682.6743,30
5213,26.59193,4000.0,628.8788,682.6743,30
5215,26.46094,4000.0,627.4612,692.4556,30
5217,26.46094,4000.0,627.4612,692.4556,30
5219,26.46094,4000.0,627.4612,692.4556,30
5221,26.53219,4000.0,637.1674,693.4543,30
5223,26.53219,4000.0,637.1674,693.4543,30
5225,26.65689,4000.0,637.9144,683.7102,30
5227,26.65689,4000.0,637.9144,683.7102,30
5229,26.65689,4000.0,637.9144,683.7102,30
5231,26.57685,152.4428,628.0461,683.3111,30
5233,26.57685,152.4428,628.0461,683.3111,30
5235,26.45566,4000.0,627.979,693.2723,30
5237,26.45566,4000.0,627.979,693.2723,30
5239,26.45566,4000.0,627.979,693.2723,30
5241,26.54693,4000.0,637.9539,692.7809,30
5243,26.54693,4000.0,637.9539,692.7809,30
5245,26.66031,40.13177,637.0597,682.8415,30
5247,26.66031,40.13177,637.0597,682.8415,30
5249,26.66031,40.13177,637.0597,682.8415,30
5251,26.56083,4000.0,627.2209,684.0307,30
5253,26.56083,4000.0,627.2209,684.0307,30
5255,26.45506,4000.0,628.6371,693.7994,30
5257,26.45506,4000.0,628.6371,693.7994,30
5259,26.45506,4000.0,628.6371,693.7994,30
5261,26.55137,4000.0,638.3187,692.6675,30
5263,26.55137,4000.0,638.3187,692.6675,30
5265,26.65733,4000.0,636.8442,682.9353,30
5267,26.65733,4000.0,636.8442,682.9353,30
5269,26.65733,4000.0,636.8442,682.9353,30
5271,26.55004,4000.0,627.1439,684.8589,30
5273,26.55004,4000.0,627.1439,684.8589,30
5275,26.45492,4000.0,629.6022,694.5103,30
5277,26.45492,4000.0,629.6022,694.5103,30
5279,26.45492,4000.0,629.6022,694.5103,30
5281,26.57215,4000.0,639.101,691.4904,30
5283,26.57215,4000.0,639.101,691.4904,30
5285,26.6556,4000.0,635.5515,682.1802,30
5287,26.6556,4000.0,635.5515,682.1802,30
5289,26.6556,4000.0,635.5515,682.1802,30
5291,26.52888,4000.0,626.5121,686.1424,30
5293,26.52888,4000.0,626.5121,686.1424,30
5295,26.46141,4000.0,630.8852,694.892,30
5297,26.46141,4000.0,630.8852,694.892,30
5299,26.46141,4000.0,630.8852,694.892,30
5301,26.59083,4000.0,639.4272,690.1725,30
5303,26.59083,4000.0,639.4272,690.1725,30
5305,26.64948,4000.0,634.2444,681.7684,30
5307,26.64948,4000.0,634.2444,681.7684,30
5309,26.64948,4000.0,634.2444,681.7684,30
5311,26.50983,4000.0,626.0518,687.3787,30
5313,26.50983,4000.0,626.0518,687.3787,30
5315,26.50983,4000.0,626.0518,687.3787,30
5317,26.46707,4000.0,632.0997,695.2918,30
5319,26.46707,4000.0,632.0997,695.2918,30
5321,26.60919,4000.0,639.7408,688.876,30
5323,26.60919,4000.0,639.7408,688.876,30
5325,26.60919,4000.0,639.7408,688.876,30
5327,26.64122,4000.0,633.0027,681.5724,30
5329,26.64122,4000.0,633.0027,681.5724,30
5331,26.49554,4000.0,626.1404,688.6238,30
5333,26.49554,4000.0,626.1404,688.6238,30
5335,26.49554,4000.0,626.1404,688.6238,30
5337,26.48145,4000.0,633.4552,695.0584,30
5339,26.48145,4000.0,633.4552,695.0584,30
5341,26.62561,4000.0,639.6013,687.4303,30
5343,26.62561,4000.0,639.6013,687.4303,30
5345,26.62561,4000.0,639.6013,687.4303,30
5347,26.62874,4000.0,631.5979,681.6008,30
5349,26.62874,4000.0,631.5979,681.6008,30
