timestamp,temperature,distance,location_x,location_y,bpm
697,23.4794,1.868979,260.0999,701.6475,30
699,23.4794,1.868979,260.0999,701.6475,30
701,23.4794,1.868979,260.0999,701.6475,30
703,23.4794,1.868979,260.0999,701.6475,30
705,23.4794,1.868979,260.0999,701.6475,30
707,23.4794,1.868979,260.0999,701.6475,30
709,23.4794,1.868979,260.0999,701.6475,30
711,23.4794,1.868979,260.0999,701.6475,30
713,23.4794,1.868979,260.0999,701.6475,30
715,23.4794,1.868979,260.0999,701.6475,30
717,23.4794,1.868979,260.0999,701.6475,30
719,23.4794,1.868979,260.0999,701.6475,30
721,23.4794,1.868979,260.0999,701.6475,30
723,23.4794,1.868979,260.0999,701.6475,30
725,23.4794,1.868979,260.0999,701.6475,30
727,23.4794,1.868979,260.0999,701.6475,30
729,23.4794,1.868979,260.0999,701.6475,30
731,23.4794,1.868979,260.0999,701.6475,30
733,23.4794,1.868979,260.0999,701.6475,30
735,23.4794,1.868979,260.0999,701.6475,30
737,23.4794,1.868979,260.0999,701.6475,30
739,23.4794,1.868979,260.0999,701.6475,30
741,23.4794,1.868979,260.0999,701.6475,30
743,23.4794,1.868979,260.0999,701.6475,30
745,23.4794,1.868979,260.0999,701.6475,30
747,23.4794,1.868979,260.0999,701.6475,30
749,23.4794,1.868979,260.0999,701.6475,30
751,23.4794,1.868979,260.0999,701.6475,30
753,23.4794,1.868979,260.0999,701.6475,30
755,23.4794,1.868979,260.0999,701.6475,30
757,23.4794,1.868979,260.0999,701.6475,30
759,23.4794,1.868979,260.0999,701.6475,30
761,23.4794,1.868979,260.0999,701.6475,30
763,23.4794,1.868979,260.0999,701.6475,30
765,23.4794,1.868979,260.0999,701.6475,30
767,23.4794,1.868979,260.0999,701.6475,30
769,23.4794,1.868979,260.0999,701.6475,30
771,23.4794,1.868979,260.0999,701.6475,30
773,23.4794,1.868979,260.0999,701.6475,30
775,23.4794,1.868979,260.0999,701.6475,30
777,23.4794,1.868979,260.0999,701.6475,30
779,23.4794,1.868979,260.0999,701.6475,30
781,23.4794,1.868979,260.0999,701.6475,30
783,23.4794,1.868979,260.0999,701.6475,30
785,23.4794,1.868979,260.0999,701.6475,30
787,23.4794,1.868979,260.0999,701.6475,30
789,23.4794,1.868979,260.0999,701.6475,30
791,23.4794,1.868979,260.0999,701.6475,30
793,23.4794,1.868979,260.0999,701.6475,30
795,23.4794,1.868979,260.0999,701.6475,30
797,23.4794,1.868979,260.0999,701.6475,30
799,23.4794,1.868979,260.0999,701.6475,30
801,23.4794,1.868979,260.0999,701.6475,30
803,23.4794,1.868979,260.0999,701.6475,30
805,23.4794,1.868979,260.0999,701.6475,30
807,23.4794,1.868979,260.0999,701.6475,30
809,23.4794,1.868979,260.0999,701.6475,30
811,23.4794,1.868979,260.0999,701.6475,30
813,23.4794,1.868979,260.0999,701.6475,30
815,23.4794,1.868979,260.0999,701.6475,30
817,23.4794,1.868979,260.0999,701.6475,30
819,23.4794,1.868979,260.0999,701.6475,30
821,23.4794,1.868979,260.0999,701.6475,30
823,23.4794,1.868979,260.0999,701.6475,30
825,23.4794,1.868979,260.0999,701.6475,30
827,23.4794,1.868979,260.0999,701.6475,30
829,23.4794,1.868979,260.0999,701.6475,30
831,23.4794,1.868979,260.0999,701.6475,30
833,23.4794,1.868979,260.0999,701.6475,30
835,23.4794,1.868979,260.0999,701.6475,30
837,23.4794,1.868979,260.0999,701.6475,30
839,23.4794,1.868979,260.0999,701.6475,30
841,23.4794,1.868979,260.0999,701.6475,30
843,23.4794,1.868979,260.0999,701.6475,30
845,23.4794,1.868979,260.0999,701.6475,30
847,23.4794,1.868979,260.0999,701.6475,30
849,23.4794,1.868979,260.0999,701.6475,30
851,23.4794,1.868979,260.0999,701.6475,30
853,23.4794,1.868979,260.0999,701.6475,30
855,23.4794,1.868979,260.0999,701.6475,30
857,23.4794,1.868979,260.0999,701.6475,30
859,23.4794,1.868979,260.0999,701.6475,30
861,23.4794,1.868979,260.0999,701.6475,30
863,23.4794,1.868979,260.0999,701.6475,30
865,23.4794,1.868979,260.0999,701.6475,30
867,23.4794,1.868979,260.0999,701.6475,30
869,23.4794,1.868979,260.0999,701.6475,30
871,23.4794,1.868979,260.0999,701.6475,30
873,23.4794,1.868979,260.0999,701.6475,30
875,23.4794,1.868979,260.0999,701.6475,30
877,23.4794,1.868979,260.0999,701.6475,30
879,23.4794,1.868979,260.0999,701.6475,30
881,23.4794,1.868979,260.0999,701.6475,30
883,23.4794,1.868979,260.0999,701.6475,30
885,23.4794,1.868979,260.0999,701.6475,30
887,23.4794,1.868979,260.0999,701.6475,30
889,23.4794,1.868979,260.0999,701.6475,30
891,23.4794,1.868979,260.0999,701.6475,30
893,23.4794,1.868979,260.0999,701.6475,30
895,23.4794,1.868979,260.0999,701.6475,30
897,23.4794,1.868979,260.0999,701.6475,30
899,23.4794,1.868979,260.0999,701.6475,30
901,23.4794,1.868979,260.0999,701.6475,30
903,23.4794,1.868979,260.0999,701.6475,30
905,23.4794,1.868979,260.0999,701.6475,30
907,23.4794,1.868979,260.0999,701.6475,30
909,23.4794,1.868979,260.0999,701.6475,30
911,23.4794,1.868979,260.0999,701.6475,30
913,23.4794,1.868979,260.0999,701.6475,30
915,23.4794,1.868979,260.0999,701.6475,30
917,23.4794,1.868979,260.0999,701.6475,30
919,23.4794,1.868979,260.0999,701.6475,30
921,23.4794,1.868979,260.0999,701.6475,30
923,23.4794,1.868979,260.0999,701.6475,30
925,23.4794,1.868979,260.0999,701.6475,30
927,23.4794,1.868979,260.0999,701.6475,30
929,23.4794,1.868979,260.0999,701.6475,30
931,23.4794,1.868979,260.0999,701.6475,30
933,23.4794,1.868979,260.0999,701.6475,30
935,23.4794,1.868979,260.0999,701.6475,30
937,23.4794,1.868979,260.0999,701.6475,30
939,23.4794,1.868979,260.0999,701.6475,30
941,23.4794,1.868979,260.0999,701.6475,30
943,23.4794,1.868979,260.0999,701.6475,30
945,23.4794,1.868979,260.0999,701.6475,30
947,23.4794,1.868979,260.0999,701.6475,30
949,23.4794,1.868979,260.0999,701.6475,30
951,23.4794,1.868979,260.0999,701.6475,30
953,23.4794,1.868979,260.0999,701.6475,30
955,23.4794,1.868979,260.0999,701.6475,30
957,23.4794,1.868979,260.0999,701.6475,30
959,23.4794,1.868979,260.0999,701.6475,30
961,23.4794,1.868979,260.0999,701.6475,30
963,23.4794,1.868979,260.0999,701.6475,30
965,23.4794,1.868979,260.0999,701.6475,30
967,23.4794,1.868979,260.0999,701.6475,30
969,23.4794,1.868979,260.0999,701.6475,30
971,23.4794,1.868979,260.0999,701.6475,30
973,23.4794,1.868979,260.0999,701.6475,30
975,23.4794,1.868979,260.0999,701.6475,30
977,23.4794,1.868979,260.0999,701.6475,30
979,23.4794,1.868979,260.0999,701.6475,30
981,23.4794,1.868979,260.0999,701.6475,30
983,23.4794,1.868979,260.0999,701.6475,30
985,23.4794,1.868979,260.0999,701.6475,30
987,23.4794,1.868979,260.0999,701.6475,30
989,23.4794,1.868979,260.0999,701.6475,30
991,23.4794,1.868979,260.0999,701.6475,30
993,23.4794,1.868979,260.0999,701.6475,30
995,23.4794,1.868979,260.0999,701.6475,30
997,23.4794,1.868979,260.0999,701.6475,30
999,23.4794,1.868979,260.0999,701.6475,30
1001,23.4794,1.868979,260.0999,701.6475,30
1003,23.4794,1.868979,260.0999,701.6475,30
1005,23.4794,1.868979,260.0999,701.6475,30
1007,23.4794,1.868979,260.0999,701.6475,30
1009,23.4794,1.868979,260.0999,701.6475,30
1011,23.4794,1.868979,260.0999,701.6475,30
1013,23.4794,1.868979,260.0999,701.6475,30
1015,23.4794,1.868979,260.0999,701.6475,30
1017,23.4794,1.868979,260.0999,701.6475,30
1019,23.4794,1.868979,260.0999,701.6475,30
1021,23.4794,1.868979,260.0999,701.6475,30
1023,23.4794,1.868979,260.0999,701.6475,30
1025,23.4794,1.868979,260.0999,701.6475,30
1027,23.4794,1.868979,260.0999,701.6475,30
1029,23.4794,1.868979,260.0999,701.6475,30
1031,23.4794,1.868979,260.0999,701.6475,30
1033,23.4794,1.868979,260.0999,701.6475,30
1035,23.4794,1.868979,260.0999,701.6475,30
1037,23.4794,1.868979,260.0999,701.6475,30
1039,23.4794,1.868979,260.0999,701.6475,30
1041,23.4794,1.868979,260.0999,701.6475,30
1043,23.4794,1.868979,260.0999,701.6475,30
1045,23.4794,1.868979,260.0999,701.6475,30
1047,23.4794,1.868979,260.0999,701.6475,30
1049,23.4794,1.868979,260.0999,701.6475,30
1051,23.4794,1.868979,260.0999,701.6475,30
1053,23.4794,1.868979,260.0999,701.6475,30
1055,23.4794,1.868979,260.0999,701.6475,30
1057,23.4794,1.868979,260.0999,701.6475,30
1059,23.4794,1.868979,260.0999,701.6475,30
1061,23.4794,1.868979,260.0999,701.6475,30
1063,23.4794,1.868979,260.0999,701.6475,30
1065,23.4794,1.868979,260.0999,701.6475,30
1067,23.4794,1.868979,260.0999,701.6475,30
1069,23.4794,1.868979,260.0999,701.6475,30
1071,23.4794,1.868979,260.0999,701.6475,30
1073,23.4794,1.868979,260.0999,701.6475,30
1075,23.4794,1.868979,260.0999,701.6475,30
1077,23.4794,1.868979,260.0999,701.6475,30
1079,23.4794,1.868979,260.0999,701.6475,30
1081,23.4794,1.868979,260.0999,701.6475,30
1083,23.4794,1.868979,260.0999,701.6475,30
1085,23.4794,1.868979,260.0999,701.6475,30
1087,23.4794,1.868979,260.0999,701.6475,30
1089,23.4794,1.868979,260.0999,701.6475,30
1091,23.4794,1.868979,260.0999,701.6475,30
1093,23.4794,1.868979,260.0999,701.6475,30
1095,23.4794,1.868979,260.0999,701.6475,30
1097,23.4794,1.868979,260.0999,701.6475,30
1099,23.4794,1.868979,260.0999,701.6475,30
1101,23.4794,1.868979,260.0999,701.6475,30
1103,23.4794,1.868979,260.0999,701.6475,30
1105,23.4794,1.868979,260.0999,701.6475,30
1107,23.4794,1.868979,260.0999,701.6475,30
1109,23.4794,1.868979,260.0999,701.6475,30
1111,23.4794,1.868979,260.0999,701.6475,30
1113,23.4794,1.868979,260.0999,701.6475,30
1115,23.4794,1.868979,260.0999,701.6475,30
1117,23.4794,1.868979,260.0999,701.6475,30
1119,23.4794,1.868979,260.0999,701.6475,30
1121,23.4794,1.868979,260.0999,701.6475,30
1123,23.4794,1.868979,260.0999,701.6475,30
1125,23.4794,1.868979,260.0999,701.6475,30
1127,23.4794,1.868979,260.0999,701.6475,30
1129,23.4794,1.868979,260.0999,701.6475,30
1131,23.4794,1.868979,260.0999,701.6475,30
1133,23.4794,1.868979,260.0999,701.6475,30
1135,23.4794,1.868979,260.0999,701.6475,30
1137,23.4794,1.868979,260.0999,701.6475,30
1139,23.4794,1.868979,260.0999,701.6475,30
1141,23.4794,1.868979,260.0999,701.6475,30
1143,23.4794,1.868979,260.0999,701.6475,30
1145,23.4794,1.868979,260.0999,701.6475,30
1147,23.4794,1.868979,260.0999,701.6475,30
1149,23.4794,1.868979,260.0999,701.6475,30
1151,23.4794,1.868979,260.0999,701.6475,30
1153,23.4794,1.868979,260.0999,701.6475,30
1155,23.4794,1.868979,260.0999,701.6475,30
1157,23.4794,1.868979,260.0999,701.6475,30
1159,23.4794,1.868979,260.0999,701.6475,30
1161,23.4794,1.868979,260.0999,701.6475,30
1163,23.4794,1.868979,260.0999,701.6475,30
1165,23.4794,1.868979,260.0999,701.6475,30
1167,23.4794,1.868979,260.0999,701.6475,30
1169,23.4794,1.868979,260.0999,701.6475,30
1171,23.4794,1.868979,260.0999,701.6475,30
1173,23.4794,1.868979,260.0999,701.6475,30
1175,23.4794,1.868979,260.0999,701.6475,30
1177,23.4794,1.868979,260.0999,701.6475,30
1179,23.4794,1.868979,260.0999,701.6475,30
1181,23.4794,1.868979,260.0999,701.6475,30
1183,23.4794,1.868979,260.0999,701.6475,30
1185,23.4794,1.868979,260.0999,701.6475,30
1187,23.4794,1.868979,260.0999,701.6475,30
1189,23.4794,1.868979,260.0999,701.6475,30
1191,23.4794,1.868979,260.0999,701.6475,30
1193,23.4794,1.868979,260.0999,701.6475,30
1195,23.4794,1.868979,260.0999,701.6475,30
1197,23.4794,1.868979,260.0999,701.6475,30
1199,23.4794,1.868979,260.0999,701.6475,30
1201,23.4794,1.868979,260.0999,701.6475,30
1203,23.4794,1.868979,260.0999,701.6475,30
1205,23.4794,1.868979,260.0999,701.6475,30
1207,23.4794,1.868979,260.0999,701.6475,30
1209,23.4794,1.868979,260.0999,701.6475,30
1211,23.4794,1.868979,260.0999,701.6475,30
1213,23.4794,1.868979,260.0999,701.6475,30
1215,23.4794,1.868979,260.0999,701.6475,30
1217,23.4794,1.868979,260.0999,701.6475,30
1219,23.4794,1.868979,260.0999,701.6475,30
1221,23.4794,1.868979,260.0999,701.6475,30
1223,23.4794,1.868979,260.0999,701.6475,30
1225,23.4794,1.868979,260.0999,701.6475,30
1227,23.4794,1.868979,260.0999,701.6475,30
1229,23.4794,1.868979,260.0999,701.6475,30
1231,23.4794,1.868979,260.0999,701.6475,30
1233,23.4794,1.868979,260.0999,701.6475,30
1235,23.4794,1.868979,260.0999,701.6475,30
1237,23.4794,1.868979,260.0999,701.6475,30
1239,23.4794,1.868979,260.0999,701.6475,30
1241,23.4794,1.868979,260.0999,701.6475,30
1243,23.4794,1.868979,260.0999,701.6475,30
1245,23.4794,1.868979,260.0999,701.6475,30
1247,23.4794,1.868979,260.0999,701.6475,30
1249,23.4794,1.868979,260.0999,701.6475,30
1251,23.4794,1.868979,260.0999,701.6475,30
1253,23.4794,1.868979,260.0999,701.6475,30
1255,23.4794,1.868979,260.0999,701.6475,30
1257,23.4794,1.868979,260.0999,701.6475,30
1259,23.4794,1.868979,260.0999,701.6475,30
1261,23.4794,1.868979,260.0999,701.6475,30
1263,23.4794,1.868979,260.0999,701.6475,30
1265,23.4794,1.868979,260.0999,701.6475,30
1267,23.4794,1.868979,260.0999,701.6475,30
1269,23.4794,1.868979,260.0999,701.6475,30
1271,23.4794,1.868979,260.0999,701.6475,30
1273,23.4794,1.868979,260.0999,701.6475,30
1275,23.4794,1.868979,260.0999,701.6475,30
1277,23.4794,1.868979,260.0999,701.6475,30
1279,23.4794,1.868979,260.0999,701.6475,30
1281,23.4794,1.868979,260.0999,701.6475,30
1283,23.4794,1.868979,260.0999,701.6475,30
1285,23.4794,1.868979,260.0999,701.6475,30
1287,23.4794,1.868979,260.0999,701.6475,30
1289,23.4794,1.868979,260.0999,701.6475,30
1291,23.4794,1.868979,260.0999,701.6475,30
1293,23.4794,1.868979,260.0999,701.6475,30
1295,23.4794,1.868979,260.0999,701.6475,30
1297,23.4794,1.868979,260.0999,701.6475,30
1299,23.4794,1.868979,260.0999,701.6475,30
1301,23.4794,1.868979,260.0999,701.6475,30
1303,23.4794,1.868979,260.0999,701.6475,30
1305,23.4794,1.868979,260.0999,701.6475,30
1307,23.4794,1.868979,260.0999,701.6475,30
1309,23.4794,1.868979,260.0999,701.6475,30
1311,23.4794,1.868979,260.0999,701.6475,30
1313,23.4794,1.868979,260.0999,701.6475,30
1315,23.4794,1.868979,260.0999,701.6475,30
1317,23.4794,1.868979,260.0999,701.6475,30
1319,23.4794,1.868979,260.0999,701.6475,30
1321,23.4794,1.868979,260.0999,701.6475,30
1323,23.4794,1.868979,260.0999,701.6475,30
1325,23.4794,1.868979,260.0999,701.6475,30
1327,23.4794,1.868979,260.0999,701.6475,30
1329,23.4794,1.868979,260.0999,701.6475,30
1331,23.4794,1.868979,260.0999,701.6475,30
1333,23.4794,1.868979,260.0999,701.6475,30
1335,23.4794,1.868979,260.0999,701.6475,30
1337,23.4794,1.868979,260.0999,701.6475,30
1339,23.4794,1.868979,260.0999,701.6475,30
1341,23.4794,1.868979,260.0999,701.6475,30
1343,23.4794,1.868979,260.0999,701.6475,30
1345,23.4794,1.868979,260.0999,701.6475,30
1347,23.4794,1.868979,260.0999,701.6475,30
1349,23.4794,1.868979,260.0999,701.6475,30
1351,23.4794,1.868979,260.0999,701.6475,30
1353,23.4794,1.868979,260.0999,701.6475,30
1355,23.4794,1.868979,260.0999,701.6475,30
1357,23.4794,1.868979,260.0999,701.6475,30
1359,23.4794,1.868979,260.0999,701.6475,30
1361,23.4794,1.868979,260.0999,701.6475,30
1363,23.4794,1.868979,260.0999,701.6475,30
1365,23.4794,1.868979,260.0999,701.6475,30
1367,23.4794,1.868979,260.0999,701.6475,30
1369,23.4794,1.868979,260.0999,701.6475,30
1371,23.4794,1.868979,260.0999,701.6475,30
1373,23.4794,1.868979,260.0999,701.6475,30
1375,23.4794,1.868979,260.0999,701.6475,30
1377,23.4794,1.868979,260.0999,701.6475,30
1379,23.4794,1.868979,260.0999,701.6475,30
1381,23.4794,1.868979,260.0999,701.6475,30
1383,23.4794,1.868979,260.0999,701.6475,30
1385,23.4794,1.868979,260.0999,701.6475,30
1387,23.4794,1.868979,260.0999,701.6475,30
1389,23.4794,1.868979,260.0999,701.6475,30
1391,23.4794,1.868979,260.0999,701.6475,30
1393,23.4794,1.868979,260.0999,701.6475,30
1395,23.4794,1.868979,260.0999,701.6475,30
1397,23.4794,1.868979,260.0999,701.6475,30
1399,23.4794,1.868979,260.0999,701.6475,30
1401,23.4794,1.868979,260.0999,701.6475,30
1403,23.4794,1.868979,260.0999,701.6475,30
1405,23.4794,1.868979,260.0999,701.6475,30
1407,23.4794,1.868979,260.0999,701.6475,30
1409,23.4794,1.868979,260.0999,701.6475,30
1411,23.4794,1.868979,260.0999,701.6475,30
1413,23.4794,1.868979,260.0999,701.6475,30
1415,23.4794,1.868979,260.0999,701.6475,30
1417,23.4794,1.868979,260.0999,701.6475,30
1419,23.4794,1.868979,260.0999,701.6475,30
1421,23.4794,1.868979,260.0999,701.6475,30
1423,23.4794,1.868979,260.0999,701.6475,30
1425,23.4794,1.868979,260.0999,701.6475,30
1427,23.4794,1.868979,260.0999,701.6475,30
1429,23.4794,1.868979,260.0999,701.6475,30
1431,23.4794,1.868979,260.0999,701.6475,30
1433,23.4794,1.868979,260.0999,701.6475,30
1435,23.4794,1.868979,260.0999,701.6475,30
1437,23.4794,1.868979,260.0999,701.6475,30
1439,23.4794,1.868979,260.0999,701.6475,30
1441,23.4794,1.868979,260.0999,701.6475,30
1443,23.4794,1.868979,260.0999,701.6475,30
1445,23.4794,1.868979,260.0999,701.6475,30
1447,23.4794,1.868979,260.0999,701.6475,30
1449,23.4794,1.868979,260.0999,701.6475,30
1451,23.4794,1.868979,260.0999,701.6475,30
1453,23.4794,1.868979,260.0999,701.6475,30
1455,23.4794,1.868979,260.0999,701.6475,30
1457,23.4794,1.868979,260.0999,701.6475,30
1459,23.4794,1.868979,260.0999,701.6475,30
1461,23.4794,1.868979,260.0999,701.6475,30
1463,23.4794,1.868979,260.0999,701.6475,30
1465,23.4794,1.868979,260.0999,701.6475,30
1467,23.4794,1.868979,260.0999,701.6475,30
1469,23.4794,1.868979,260.0999,701.6475,30
1471,23.4794,1.868979,260.0999,701.6475,30
1473,23.4794,1.868979,260.0999,701.6475,30
1475,23.4794,1.868979,260.0999,701.6475,30
1477,23.4794,1.868979,260.0999,701.6475,30
1479,23.4794,1.868979,260.0999,701.6475,30
1481,23.4794,1.868979,260.0999,701.6475,30
1483,23.4794,1.868979,260.0999,701.6475,30
1485,23.4794,1.868979,260.0999,701.6475,30
1487,23.4794,1.868979,260.0999,701.6475,30
1489,23.4794,1.868979,260.0999,701.6475,30
1491,23.4794,1.868979,260.0999,701.6475,30
1493,23.4794,1.868979,260.0999,701.6475,30
1495,23.4794,1.868979,260.0999,701.6475,30
1497,23.4794,1.868979,260.0999,701.6475,30
1499,23.4794,1.868979,260.0999,701.6475,30
1501,23.4794,1.868979,260.0999,701.6475,30
1503,23.4794,1.868979,260.0999,701.6475,30
1505,23.4794,1.868979,260.0999,701.6475,30
1507,23.4794,1.868979,260.0999,701.6475,30
1509,23.4794,1.868979,260.0999,701.6475,30
1511,23.4794,1.868979,260.0999,701.6475,30
1513,23.4794,1.868979,260.0999,701.6475,30
1515,23.4794,1.868979,260.0999,701.6475,30
1517,23.4794,1.868979,260.0999,701.6475,30
1519,23.4794,1.868979,260.0999,701.6475,30
1521,23.4794,1.868979,260.0999,701.6475,30
1523,23.4794,1.868979,260.0999,701.6475,30
1525,23.4794,1.868979,260.0999,701.6475,30
1527,23.4794,1.868979,260.0999,701.6475,30
1529,23.4794,1.868979,260.0999,701.6475,30
1531,23.4794,1.868979,260.0999,701.6475,30
1533,23.4794,1.868979,260.0999,701.6475,30
1535,23.4794,1.868979,260.0999,701.6475,30
1537,23.4794,1.868979,260.0999,701.6475,30
1539,23.4794,1.868979,260.0999,701.6475,30
1541,23.4794,1.868979,260.0999,701.6475,30
1543,23.4794,1.868979,260.0999,701.6475,30
1545,23.4794,1.868979,260.0999,701.6475,30
1547,23.4794,1.868979,260.0999,701.6475,30
1549,23.4794,1.868979,260.0999,701.6475,30
1551,23.4794,1.868979,260.0999,701.6475,30
1553,23.4794,1.868979,260.0999,701.6475,30
1555,23.4794,1.868979,260.0999,701.6475,30
1557,23.4794,1.868979,260.0999,701.6475,30
1559,23.4794,1.868979,260.0999,701.6475,30
1561,23.4794,1.868979,260.0999,701.6475,30
1563,23.4794,1.868979,260.0999,701.6475,30
1565,23.4794,1.868979,260.0999,701.6475,30
1567,23.4794,1.868979,260.0999,701.6475,30
1569,23.4794,1.868979,260.0999,701.6475,30
1571,23.4794,1.868979,260.0999,701.6475,30
1573,23.4794,1.868979,260.0999,701.6475,30
1575,23.4794,1.868979,260.0999,701.6475,30
1577,23.4794,1.868979,260.0999,701.6475,30
1579,23.4794,1.868979,260.0999,701.6475,30
1581,23.4794,1.868979,260.0999,701.6475,30
1583,23.4794,1.868979,260.0999,701.6475,30
1585,23.4794,1.868979,260.0999,701.6475,30
1587,23.4794,1.868979,260.0999,701.6475,30
1589,23.4794,1.868979,260.0999,701.6475,30
1591,23.4794,1.868979,260.0999,701.6475,30
1593,23.4794,1.868979,260.0999,701.6475,30
1595,23.4794,1.868979,260.0999,701.6475,30
1597,23.4794,1.868979,260.0999,701.6475,30
1599,23.4794,1.868979,260.0999,701.6475,30
1601,23.4794,1.868979,260.0999,701.6475,30
1603,23.4794,1.868979,260.0999,701.6475,30
1605,23.4794,1.868979,260.0999,701.6475,30
1607,23.4794,1.868979,260.0999,701.6475,30
1609,23.4794,1.868979,260.0999,701.6475,30
1611,23.4794,1.868979,260.0999,701.6475,30
1613,23.4794,1.868979,260.0999,701.6475,30
1615,23.4794,1.868979,260.0999,701.6475,30
1617,23.4794,1.868979,260.0999,701.6475,30
1619,23.4794,1.868979,260.0999,701.6475,30
1621,23.4794,1.868979,260.0999,701.6475,30
1623,23.4794,1.868979,260.0999,701.6475,30
1625,23.4794,1.868979,260.0999,701.6475,30
1627,23.4794,1.868979,260.0999,701.6475,30
1629,23.4794,1.868979,260.0999,701.6475,30
1631,23.4794,1.868979,260.0999,701.6475,30
1633,23.4794,1.868979,260.0999,701.6475,30
1635,23.4794,1.868979,260.0999,701.6475,30
1637,23.4794,1.868979,260.0999,701.6475,30
1639,23.4794,1.868979,260.0999,701.6475,30
1641,23.4794,1.868979,260.0999,701.6475,30
1643,23.4794,1.868979,260.0999,701.6475,30
1645,23.4794,1.868979,260.0999,701.6475,30
1647,23.4794,1.868979,260.0999,701.6475,30
1649,23.4794,1.868979,260.0999,701.6475,30
1651,23.4794,1.868979,260.0999,701.6475,30
1653,23.4794,1.868979,260.0999,701.6475,30
1655,23.4794,1.868979,260.0999,701.6475,30
1657,23.4794,1.868979,260.0999,701.6475,30
1659,23.4794,1.868979,260.0999,701.6475,30
1661,23.4794,1.868979,260.0999,701.6475,30
1663,23.4794,1.868979,260.0999,701.6475,30
1665,23.4794,1.868979,260.0999,701.6475,30
1667,23.4794,1.868979,260.0999,701.6475,30
1669,23.4794,1.868979,260.0999,701.6475,30
1671,23.4794,1.868979,260.0999,701.6475,30
1673,23.4794,1.868979,260.0999,701.6475,30
1675,23.4794,1.868979,260.0999,701.6475,30
1677,23.4794,1.868979,260.0999,701.6475,30
1679,23.4794,1.868979,260.0999,701.6475,30
1681,23.4794,1.868979,260.0999,701.6475,30
1683,23.4794,1.868979,260.0999,701.6475,30
1685,23.4794,1.868979,260.0999,701.6475,30
1687,23.4794,1.868979,260.0999,701.6475,30
1689,23.4794,1.868979,260.0999,701.6475,30
1691,23.4794,1.868979,260.0999,701.6475,30
1693,23.4794,1.868979,260.0999,701.6475,30
1695,23.4794,1.868979,260.0999,701.6475,30
1697,23.4794,1.868979,260.0999,701.6475,30
1699,23.4794,1.868979,260.0999,701.6475,30
1701,23.4794,1.868979,260.0999,701.6475,30
1703,23.4794,1.868979,260.0999,701.6475,30
1705,23.4794,1.868979,260.0999,701.6475,30
1707,23.4794,1.868979,260.0999,701.6475,30
1709,23.4794,1.868979,260.0999,701.6475,30
1711,23.4794,1.868979,260.0999,701.6475,30
1713,23.4794,1.868979,260.0999,701.6475,30
1715,23.4794,1.868979,260.0999,701.6475,30
1717,23.4794,1.868979,260.0999,701.6475,30
1719,23.4794,1.868979,260.0999,701.6475,30
1721,23.4794,1.868979,260.0999,701.6475,30
1723,23.4794,1.868979,260.0999,701.6475,30
1725,23.4794,1.868979,260.0999,701.6475,30
1727,23.4794,1.868979,260.0999,701.6475,30
1729,23.4794,1.868979,260.0999,701.6475,30
1731,23.4794,1.868979,260.0999,701.6475,30
1733,23.4794,1.868979,260.0999,701.6475,30
1735,23.4794,1.868979,260.0999,701.6475,30
1737,23.4794,1.868979,260.0999,701.6475,30
1739,23.4794,1.868979,260.0999,701.6475,30
1741,23.4794,1.868979,260.0999,701.6475,30
1743,23.4794,1.868979,260.0999,701.6475,30
1745,23.4794,1.868979,260.0999,701.6475,30
1747,23.4794,1.868979,260.0999,701.6475,30
1749,23.4794,1.868979,260.0999,701.6475,30
1751,23.4794,1.868979,260.0999,701.6475,30
1753,23.4794,1.868979,260.0999,701.6475,30
1755,23.4794,1.868979,260.0999,701.6475,30
1757,23.4794,1.868979,260.0999,701.6475,30
1759,23.4794,1.868979,260.0999,701.6475,30
1761,23.4794,1.868979,260.0999,701.6475,30
1763,23.4794,1.868979,260.0999,701.6475,30
1765,23.4794,1.868979,260.0999,701.6475,30
1767,23.4794,1.868979,260.0999,701.6475,30
1769,23.4794,1.868979,260.0999,701.6475,30
1771,23.4794,1.868979,260.0999,701.6475,30
1773,23.4794,1.868979,260.0999,701.6475,30
1775,23.4794,1.868979,260.0999,701.6475,30
1777,23.4794,1.868979,260.0999,701.6475,30
1779,23.4794,1.868979,260.0999,701.6475,30
1781,23.4794,1.868979,260.0999,701.6475,30
1783,23.4794,1.868979,260.0999,701.6475,30
1785,23.4794,1.868979,260.0999,701.6475,30
1787,23.4794,1.868979,260.0999,701.6475,30
1789,23.4794,1.868979,260.0999,701.6475,30
1791,23.4794,1.868979,260.0999,701.6475,30
1793,23.4794,1.868979,260.0999,701.6475,30
1795,23.4794,1.868979,260.0999,701.6475,30
1797,23.4794,1.868979,260.0999,701.6475,30
1799,23.4794,1.868979,260.0999,701.6475,30
1801,23.4794,1.868979,260.0999,701.6475,30
1803,23.4794,1.868979,260.0999,701.6475,30
1805,23.4794,1.868979,260.0999,701.6475,30
1807,23.4794,1.868979,260.0999,701.6475,30
1809,23.4794,1.868979,260.0999,701.6475,30
1811,23.4794,1.868979,260.0999,701.6475,30
1813,23.4794,1.868979,260.0999,701.6475,30
1815,23.4794,1.868979,260.0999,701.6475,30
1817,23.4794,1.868979,260.0999,701.6475,30
1819,23.4794,1.868979,260.0999,701.6475,30
1821,23.4794,1.868979,260.0999,701.6475,30
1823,23.4794,1.868979,260.0999,701.6475,30
1825,23.4794,1.868979,260.0999,701.6475,30
1827,23.4794,1.868979,260.0999,701.6475,30
1829,23.4794,1.868979,260.0999,701.6475,30
1831,23.4794,1.868979,260.0999,701.6475,30
1833,23.4794,1.868979,260.0999,701.6475,30
1835,23.4794,1.868979,260.0999,701.6475,30
1837,23.4794,1.868979,260.0999,701.6475,30
1839,23.4794,1.868979,260.0999,701.6475,30
1841,23.4794,1.868979,260.0999,701.6475,30
1843,23.4794,1.868979,260.0999,701.6475,30
1845,23.4794,1.868979,260.0999,701.6475,30
1847,23.4794,1.868979,260.0999,701.6475,30
1849,23.4794,1.868979,260.0999,701.6475,30
1851,23.4794,1.868979,260.0999,701.6475,30
1853,23.4794,1.868979,260.0999,701.6475,30
1855,23.4794,1.868979,260.0999,701.6475,30
1857,23.4794,1.868979,260.0999,701.6475,30
1859,23.4794,1.868979,260.0999,701.6475,30
1861,23.4794,1.868979,260.0999,701.6475,30
1863,23.4794,1.868979,260.0999,701.6475,30
1865,23.4794,1.868979,260.0999,701.6475,30
1867,23.4794,1.868979,260.0999,701.6475,30
1869,23.4794,1.868979,260.0999,701.6475,30
1871,23.4794,1.868979,260.0999,701.6475,30
1873,23.4794,1.868979,260.0999,701.6475,30
1875,23.4794,1.868979,260.0999,701.6475,30
1877,23.4794,1.868979,260.0999,701.6475,30
1879,23.4794,1.868979,260.0999,701.6475,30
1881,23.4794,1.868979,260.0999,701.6475,30
1883,23.4794,1.868979,260.0999,701.6475,30
1885,23.4794,1.868979,260.0999,701.6475,30
1887,23.4794,1.868979,260.0999,701.6475,30
1889,23.4794,1.868979,260.0999,701.6475,30
1891,23.4794,1.868979,260.0999,701.6475,30
1893,23.4794,1.868979,260.0999,701.6475,30
1895,23.4794,1.868979,260.0999,701.6475,30
1897,23.4794,1.868979,260.0999,701.6475,30
1899,23.4794,1.868979,260.0999,701.6475,30
1901,23.4794,1.868979,260.0999,701.6475,30
1903,23.4794,1.868979,260.0999,701.6475,30
1905,23.4794,1.868979,260.0999,701.6475,30
1907,23.4794,1.868979,260.0999,701.6475,30
1909,23.4794,1.868979,260.0999,701.6475,30
1911,23.4794,1.868979,260.0999,701.6475,30
1913,23.4794,1.868979,260.0999,701.6475,30
1915,23.4794,1.868979,260.0999,701.6475,30
1917,23.4794,1.868979,260.0999,701.6475,30
1919,23.4794,1.868979,260.0999,701.6475,30
1921,23.4794,1.868979,260.0999,701.6475,30
1923,23.4794,1.868979,260.0999,701.6475,30
1925,23.4794,1.868979,260.0999,701.6475,30
1927,23.4794,1.868979,260.0999,701.6475,30
1929,23.4794,1.868979,260.0999,701.6475,30
1931,23.4794,1.868979,260.0999,701.6475,30
1933,23.4794,1.868979,260.0999,701.6475,30
1935,23.4794,1.868979,260.0999,701.6475,30
1937,23.4794,1.868979,260.0999,701.6475,30
1939,23.4794,1.868979,260.0999,701.6475,30
1941,23.4794,1.868979,260.0999,701.6475,30
1943,23.4794,1.868979,260.0999,701.6475,30
1945,23.4794,1.868979,260.0999,701.6475,30
1947,23.4794,1.868979,260.0999,701.6475,30
1949,23.4794,1.868979,260.0999,701.6475,30
1951,23.4794,1.868979,260.0999,701.6475,30
1953,23.4794,1.868979,260.0999,701.6475,30
1955,23.4794,1.868979,260.0999,701.6475,30
1957,23.4794,1.868979,260.0999,701.6475,30
1959,23.4794,1.868979,260.0999,701.6475,30
1961,23.4794,1.868979,260.0999,701.6475,30
1963,23.4794,1.868979,260.0999,701.6475,30
1965,23.4794,1.868979,260.0999,701.6475,30
1967,23.4794,1.868979,260.0999,701.6475,30
1969,23.4794,1.868979,260.0999,701.6475,30
1971,23.4794,1.868979,260.0999,701.6475,30
1973,23.4794,1.868979,260.0999,701.6475,30
1975,23.4794,1.868979,260.0999,701.6475,30
1977,23.4794,1.868979,260.0999,701.6475,30
1979,23.4794,1.868979,260.0999,701.6475,30
1981,23.4794,1.868979,260.0999,701.6475,30
1983,23.4794,1.868979,260.0999,701.6475,30
1985,23.4794,1.868979,260.0999,701.6475,30
1987,23.4794,1.868979,260.0999,701.6475,30
1989,23.4794,1.868979,260.0999,701.6475,30
1991,23.4794,1.868979,260.0999,701.6475,30
1993,23.4794,1.868979,260.0999,701.6475,30
1995,23.4794,1.868979,260.0999,701.6475,30
1997,23.4794,1.868979,260.0999,701.6475,30
1999,23.4794,1.868979,260.0999,701.6475,30
2001,23.4794,1.868979,260.0999,701.6475,30
2003,23.4794,1.868979,260.0999,701.6475,30
2005,23.4794,1.868979,260.0999,701.6475,30
2007,23.4794,1.868979,260.0999,701.6475,30
2009,23.4794,1.868979,260.0999,701.6475,30
2011,23.4794,1.868979,260.0999,701.6475,30
2013,23.4794,1.868979,260.0999,701.6475,30
2015,23.4794,1.868979,260.0999,701.6475,30
2017,23.4794,1.868979,260.0999,701.6475,30
2019,23.4794,1.868979,260.0999,701.6475,30
2021,23.4794,1.868979,260.0999,701.6475,30
2023,23.4794,1.868979,260.0999,701.6475,30
2025,23.4794,1.868979,260.0999,701.6475,30
2027,23.4794,1.868979,260.0999,701.6475,30
2029,23.4794,1.868979,260.0999,701.6475,30
2031,23.4794,1.868979,260.0999,701.6475,30
2033,23.4794,1.868979,260.0999,701.6475,30
2035,23.4794,1.868979,260.0999,701.6475,30
2037,23.4794,1.868979,260.0999,701.6475,30
2039,23.4794,1.868979,260.0999,701.6475,30
2041,23.4794,1.868979,260.0999,701.6475,30
2043,23.4794,1.868979,260.0999,701.6475,30
2045,23.4794,1.868979,260.0999,701.6475,30
2047,23.4794,1.868979,260.0999,701.6475,30
2049,23.4794,1.868979,260.0999,701.6475,30
2051,23.4794,1.868979,260.0999,701.6475,30
2053,23.4794,1.868979,260.0999,701.6475,30
2055,23.4794,1.868979,260.0999,701.6475,30
2057,23.4794,1.868979,260.0999,701.6475,30
2059,23.4794,1.868979,260.0999,701.6475,30
2061,23.4794,1.868979,260.0999,701.6475,30
2063,23.4794,1.868979,260.0999,701.6475,30
2065,23.4794,1.868979,260.0999,701.6475,30
2067,23.4794,1.868979,260.0999,701.6475,30
2069,23.4794,1.868979,260.0999,701.6475,30
2071,23.4794,1.868979,260.0999,701.6475,30
2073,23.4794,1.868979,260.0999,701.6475,30
2075,23.4794,1.868979,260.0999,701.6475,30
2077,23.4794,1.868979,260.0999,701.6475,30
2079,23.4794,1.868979,260.0999,701.6475,30
2081,23.4794,1.868979,260.0999,701.6475,30
2083,23.4794,1.868979,260.0999,701.6475,30
2085,23.4794,1.868979,260.0999,701.6475,30
2087,23.4794,1.868979,260.0999,701.6475,30
2089,23.4794,1.868979,260.0999,701.6475,30
2091,23.4794,1.868979,260.0999,701.6475,30
2093,23.4794,1.868979,260.0999,701.6475,30
2095,23.4794,1.868979,260.0999,701.6475,30
2097,23.4794,1.868979,260.0999,701.6475,30
2099,23.4794,1.868979,260.0999,701.6475,30
2101,23.4794,1.868979,260.0999,701.6475,30
2103,23.4794,1.868979,260.0999,701.6475,30
2105,23.4794,1.868979,260.0999,701.6475,30
2107,23.4794,1.868979,260.0999,701.6475,30
2109,23.4794,1.868979,260.0999,701.6475,30
2111,23.4794,1.868979,260.0999,701.6475,30
2113,23.4794,1.868979,260.0999,701.6475,30
2115,23.4794,1.868979,260.0999,701.6475,30
2117,23.4794,1.868979,260.0999,701.6475,30
2119,23.4794,1.868979,260.0999,701.6475,30
2121,23.4794,1.868979,260.0999,701.6475,30
2123,23.4794,1.868979,260.0999,701.6475,30
2125,23.4794,1.868979,260.0999,701.6475,30
2127,23.4794,1.868979,260.0999,701.6475,30
2129,23.4794,1.868979,260.0999,701.6475,30
2131,23.4794,1.868979,260.0999,701.6475,30
2133,23.4794,1.868979,260.0999,701.6475,30
2135,23.4794,1.868979,260.0999,701.6475,30
2137,23.4794,1.868979,260.0999,701.6475,30
2139,23.4794,1.868979,260.0999,701.6475,30
2141,23.4794,1.868979,260.0999,701.6475,30
2143,23.4794,1.868979,260.0999,701.6475,30
2145,23.4794,1.868979,260.0999,701.6475,30
2147,23.4794,1.868979,260.0999,701.6475,30
2149,23.4794,1.868979,260.0999,701.6475,30
2151,23.4794,1.868979,260.0999,701.6475,30
2153,23.4794,1.868979,260.0999,701.6475,30
2155,23.4794,1.868979,260.0999,701.6475,30
2157,23.4794,1.868979,260.0999,701.6475,30
2159,23.4794,1.868979,260.0999,701.6475,30
2161,23.4794,1.868979,260.0999,701.6475,30
2163,23.4794,1.868979,260.0999,701.6475,30
2165,23.4794,1.868979,260.0999,701.6475,30
2167,23.4794,1.868979,260.0999,701.6475,30
2169,23.4794,1.868979,260.0999,701.6475,30
2171,23.4794,1.868979,260.0999,701.6475,30
2173,23.4794,1.868979,260.0999,701.6475,30
2175,23.4794,1.868979,260.0999,701.6475,30
2177,23.4794,1.868979,260.0999,701.6475,30
2179,23.4794,1.868979,260.0999,701.6475,30
2181,23.4794,1.868979,260.0999,701.6475,30
2183,23.4794,1.868979,260.0999,701.6475,30
2185,23.4794,1.868979,260.0999,701.6475,30
2187,23.4794,1.868979,260.0999,701.6475,30
2189,23.4794,1.868979,260.0999,701.6475,30
2191,23.4794,1.868979,260.0999,701.6475,30
2193,23.4794,1.868979,260.0999,701.6475,30
2195,23.4794,1.868979,260.0999,701.6475,30
2197,23.4794,1.868979,260.0999,701.6475,30
2199,23.4794,1.868979,260.0999,701.6475,30
2201,23.4794,1.868979,260.0999,701.6475,30
2203,23.4794,1.868979,260.0999,701.6475,30
2205,23.4794,1.868979,260.0999,701.6475,30
2207,23.4794,1.868979,260.0999,701.6475,30
2209,23.4794,1.868979,260.0999,701.6475,30
2211,23.4794,1.868979,260.0999,701.6475,30
2213,23.4794,1.868979,260.0999,701.6475,30
2215,23.4794,1.868979,260.0999,701.6475,30
2217,23.4794,1.868979,260.0999,701.6475,30
2219,23.4794,1.868979,260.0999,701.6475,30
2221,23.4794,1.868979,260.0999,701.6475,30
2223,23.4794,1.868979,260.0999,701.6475,30
2225,23.4794,1.868979,260.0999,701.6475,30
2227,23.4794,1.868979,260.0999,701.6475,30
2229,23.4794,1.868979,260.0999,701.6475,30
2231,23.4794,1.868979,260.0999,701.6475,30
2233,23.4794,1.868979,260.0999,701.6475,30
2235,23.4794,1.868979,260.0999,701.6475,30
2237,23.4794,1.868979,260.0999,701.6475,30
2239,23.4794,1.868979,260.0999,701.6475,30
2241,23.4794,1.868979,260.0999,701.6475,30
2243,23.4794,1.868979,260.0999,701.6475,30
2245,23.4794,1.868979,260.0999,701.6475,30
2247,23.4794,1.868979,260.0999,701.6475,30
2249,23.4794,1.868979,260.0999,701.6475,30
2251,23.4794,1.868979,260.0999,701.6475,30
2253,23.4794,1.868979,260.0999,701.6475,30
2255,23.4794,1.868979,260.0999,701.6475,30
2257,23.4794,1.868979,260.0999,701.6475,30
2259,23.4794,1.868979,260.0999,701.6475,30
2261,23.4794,1.868979,260.0999,701.6475,30
2263,23.4794,1.868979,260.0999,701.6475,30
2265,23.4794,1.868979,260.0999,701.6475,30
2267,23.4794,1.868979,260.0999,701.6475,30
2269,23.4794,1.868979,260.0999,701.6475,30
2271,23.4794,1.868979,260.0999,701.6475,30
2273,23.4794,1.868979,260.0999,701.6475,30
2275,23.4794,1.868979,260.0999,701.6475,30
2277,23.4794,1.868979,260.0999,701.6475,30
2279,23.4794,1.868979,260.0999,701.6475,30
2281,23.4794,1.868979,260.0999,701.6475,30
2283,23.4794,1.868979,260.0999,701.6475,30
2285,23.4794,1.868979,260.0999,701.6475,30
2287,23.4794,1.868979,260.0999,701.6475,30
2289,23.4794,1.868979,260.0999,701.6475,30
2291,23.4794,1.868979,260.0999,701.6475,30
2293,23.4794,1.868979,260.0999,701.6475,30
2295,23.4794,1.868979,260.0999,701.6475,30
2297,23.4794,1.868979,260.0999,701.6475,30
2299,23.4794,1.868979,260.0999,701.6475,30
2301,23.4794,1.868979,260.0999,701.6475,30
2303,23.4794,1.868979,260.0999,701.6475,30
2305,23.4794,1.868979,260.0999,701.6475,30
2307,23.4794,1.868979,260.0999,701.6475,30
2309,23.4794,1.868979,260.0999,701.6475,30
2311,23.4794,1.868979,260.0999,701.6475,30
2313,23.4794,1.868979,260.0999,701.6475,30
2315,23.4794,1.868979,260.0999,701.6475,30
2317,23.4794,1.868979,260.0999,701.6475,30
2319,23.4794,1.868979,260.0999,701.6475,30
2321,23.4794,1.868979,260.0999,701.6475,30
2323,23.4794,1.868979,260.0999,701.6475,30
2325,23.4794,1.868979,260.0999,701.6475,30
2327,23.4794,1.868979,260.0999,701.6475,30
2329,23.4794,1.868979,260.0999,701.6475,30
2331,23.4794,1.868979,260.0999,701.6475,30
2333,23.4794,1.868979,260.0999,701.6475,30
2335,23.4794,1.868979,260.0999,701.6475,30
2337,23.4794,1.868979,260.0999,701.6475,30
2339,23.4794,1.868979,260.0999,701.6475,30
2341,23.4794,1.868979,260.0999,701.6475,30
2343,23.4794,1.868979,260.0999,701.6475,30
2345,23.4794,1.868979,260.0999,701.6475,30
2347,23.4794,1.868979,260.0999,701.6475,30
2349,23.4794,1.868979,260.0999,701.6475,30
2351,23.4794,1.868979,260.0999,701.6475,30
2353,23.4794,1.868979,260.0999,701.6475,30
2355,23.4794,1.868979,260.0999,701.6475,30
2357,23.4794,1.868979,260.0999,701.6475,30
2359,23.4794,1.868979,260.0999,701.6475,30
2361,23.4794,1.868979,260.0999,701.6475,30
2363,23.4794,1.868979,260.0999,701.6475,30
2365,23.4794,1.868979,260.0999,701.6475,30
2367,23.4794,1.868979,260.0999,701.6475,30
2369,23.4794,1.868979,260.0999,701.6475,30
2371,23.4794,1.868979,260.0999,701.6475,30
2373,23.4794,1.868979,260.0999,701.6475,30
2375,23.4794,1.868979,260.0999,701.6475,30
2377,23.4794,1.868979,260.0999,701.6475,30
2379,23.4794,1.868979,260.0999,701.6475,30
2381,23.4794,1.868979,260.0999,701.6475,30
2383,23.4794,1.868979,260.0999,701.6475,30
2385,23.4794,1.868979,260.0999,701.6475,30
2387,23.4794,1.868979,260.0999,701.6475,30
2389,23.4794,1.868979,260.0999,701.6475,30
2391,23.4794,1.868979,260.0999,701.6475,30
2393,23.4794,1.868979,260.0999,701.6475,30
2395,23.4794,1.868979,260.0999,701.6475,30
2397,23.4794,1.868979,260.0999,701.6475,30
2399,23.4794,1.868979,260.0999,701.6475,30
2401,23.4794,1.868979,260.0999,701.6475,30
2403,23.4794,1.868979,260.0999,701.6475,30
2405,23.4794,1.868979,260.0999,701.6475,30
2407,23.4794,1.868979,260.0999,701.6475,30
2409,23.4794,1.868979,260.0999,701.6475,30
2411,23.4794,1.868979,260.0999,701.6475,30
2413,23.4794,1.868979,260.0999,701.6475,30
2415,23.4794,1.868979,260.0999,701.6475,30
2417,23.4794,1.868979,260.0999,701.6475,30
2419,23.4794,1.868979,260.0999,701.6475,30
2421,23.4794,1.868979,260.0999,701.6475,30
2423,23.4794,1.868979,260.0999,701.6475,30
2425,23.4794,1.868979,260.0999,701.6475,30
2427,23.4794,1.868979,260.0999,701.6475,30
2429,23.4794,1.868979,260.0999,701.6475,30
2431,23.4794,1.868979,260.0999,701.6475,30
2433,23.4794,1.868979,260.0999,701.6475,30
2435,23.4794,1.868979,260.0999,701.6475,30
2437,23.4794,1.868979,260.0999,701.6475,30
2439,23.4794,1.868979,260.0999,701.6475,30
2441,23.4794,1.868979,260.0999,701.6475,30
2443,23.4794,1.868979,260.0999,701.6475,30
2445,23.4794,1.868979,260.0999,701.6475,30
2447,23.4794,1.868979,260.0999,701.6475,30
2449,23.4794,1.868979,260.0999,701.6475,30
2451,23.4794,1.868979,260.0999,701.6475,30
2453,23.4794,1.868979,260.0999,701.6475,30
2455,23.4794,1.868979,260.0999,701.6475,30
2457,23.4794,1.868979,260.0999,701.6475,30
2459,23.4794,1.868979,260.0999,701.6475,30
2461,23.4794,1.868979,260.0999,701.6475,30
2463,23.4794,1.868979,260.0999,701.6475,30
2465,23.4794,1.868979,260.0999,701.6475,30
2467,23.4794,1.868979,260.0999,701.6475,30
2469,23.4794,1.868979,260.0999,701.6475,30
2471,23.4794,1.868979,260.0999,701.6475,30
2473,23.4794,1.868979,260.0999,701.6475,30
2475,23.4794,1.868979,260.0999,701.6475,30
2477,23.4794,1.868979,260.0999,701.6475,30
2479,23.4794,1.868979,260.0999,701.6475,30
2481,23.4794,1.868979,260.0999,701.6475,30
2483,23.4794,1.868979,260.0999,701.6475,30
2485,23.4794,1.868979,260.0999,701.6475,30
2487,23.4794,1.868979,260.0999,701.6475,30
2489,23.4794,1.868979,260.0999,701.6475,30
2491,23.4794,1.868979,260.0999,701.6475,30
2493,23.4794,1.868979,260.0999,701.6475,30
2495,23.4794,1.868979,260.0999,701.6475,30
2497,23.4794,1.868979,260.0999,701.6475,30
2499,23.4794,1.868979,260.0999,701.6475,30
2501,23.4794,1.868979,260.0999,701.6475,30
2503,23.4794,1.868979,260.0999,701.6475,30
2505,23.4794,1.868979,260.0999,701.6475,30
2507,23.4794,1.868979,260.0999,701.6475,30
2509,23.4794,1.868979,260.0999,701.6475,30
2511,23.4794,1.868979,260.0999,701.6475,30
2513,23.4794,1.868979,260.0999,701.6475,30
2515,23.4794,1.868979,260.0999,701.6475,30
2517,23.4794,1.868979,260.0999,701.6475,30
2519,23.4794,1.868979,260.0999,701.6475,30
2521,23.4794,1.868979,260.0999,701.6475,30
2523,23.4794,1.868979,260.0999,701.6475,30
2525,23.4794,1.868979,260.0999,701.6475,30
2527,23.4794,1.868979,260.0999,701.6475,30
2529,23.4794,1.868979,260.0999,701.6475,30
2531,23.4794,1.868979,260.0999,701.6475,30
2533,23.4794,1.868979,260.0999,701.6475,30
2535,23.4794,1.868979,260.0999,701.6475,30
2537,23.4794,1.868979,260.0999,701.6475,30
2539,23.4794,1.868979,260.0999,701.6475,30
2541,23.4794,1.868979,260.0999,701.6475,30
2543,23.4794,1.868979,260.0999,701.6475,30
2545,23.4794,1.868979,260.0999,701.6475,30
2547,23.4794,1.868979,260.0999,701.6475,30
2549,23.4794,1.868979,260.0999,701.6475,30
2551,23.4794,1.868979,260.0999,701.6475,30
2553,23.4794,1.868979,260.0999,701.6475,30
2555,23.4794,1.868979,260.0999,701.6475,30
2557,23.4794,1.868979,260.0999,701.6475,30
2559,23.4794,1.868979,260.0999,701.6475,30
2561,23.4794,1.868979,260.0999,701.6475,30
2563,23.4794,1.868979,260.0999,701.6475,30
2565,23.4794,1.868979,260.0999,701.6475,30
2567,23.4794,1.868979,260.0999,701.6475,30
2569,23.4794,1.868979,260.0999,701.6475,30
2571,23.4794,1.868979,260.0999,701.6475,30
2573,23.4794,1.868979,260.0999,701.6475,30
2575,23.4794,1.868979,260.0999,701.6475,30
2577,23.4794,1.868979,260.0999,701.6475,30
2579,23.4794,1.868979,260.0999,701.6475,30
2581,23.4794,1.868979,260.0999,701.6475,30
2583,23.4794,1.868979,260.0999,701.6475,30
2585,23.4794,1.868979,260.0999,701.6475,30
2587,23.4794,1.868979,260.0999,701.6475,30
2589,23.4794,1.868979,260.0999,701.6475,30
2591,23.4794,1.868979,260.0999,701.6475,30
2593,23.4794,1.868979,260.0999,701.6475,30
2595,23.4794,1.868979,260.0999,701.6475,30
2597,23.4794,1.868979,260.0999,701.6475,30
2599,23.4794,1.868979,260.0999,701.6475,30
2601,23.4794,1.868979,260.0999,701.6475,30
2603,23.4794,1.868979,260.0999,701.6475,30
2605,23.4794,1.868979,260.0999,701.6475,30
2607,23.4794,1.868979,260.0999,701.6475,30
2609,23.4794,1.868979,260.0999,701.6475,30
2611,23.4794,1.868979,260.0999,701.6475,30
2613,23.4794,1.868979,260.0999,701.6475,30
2615,23.4794,1.868979,260.0999,701.6475,30
2617,23.4794,1.868979,260.0999,701.6475,30
2619,23.4794,1.868979,260.0999,701.6475,30
2621,23.4794,1.868979,260.0999,701.6475,30
2623,23.4794,1.868979,260.0999,701.6475,30
2625,23.4794,1.868979,260.0999,701.6475,30
2627,23.4794,1.868979,260.0999,701.6475,30
2629,23.4794,1.868979,260.0999,701.6475,30
2631,23.4794,1.868979,260.0999,701.6475,30
2633,23.4794,1.868979,260.0999,701.6475,30
2635,23.4794,1.868979,260.0999,701.6475,30
2637,23.4794,1.868979,260.0999,701.6475,30
2639,23.4794,1.868979,260.0999,701.6475,30
2641,23.4794,1.868979,260.0999,701.6475,30
2643,23.4794,1.868979,260.0999,701.6475,30
2645,23.4794,1.868979,260.0999,701.6475,30
2647,23.4794,1.868979,260.0999,701.6475,30
2649,23.4794,1.868979,260.0999,701.6475,30
2651,23.4794,1.868979,260.0999,701.6475,30
2653,23.4794,1.868979,260.0999,701.6475,30
2655,23.4794,1.868979,260.0999,701.6475,30
2657,23.4794,1.868979,260.0999,701.6475,30
2659,23.4794,1.868979,260.0999,701.6475,30
2661,23.4794,1.868979,260.0999,701.6475,30
2663,23.4794,1.868979,260.0999,701.6475,30
2665,23.4794,1.868979,260.0999,701.6475,30
2667,23.4794,1.868979,260.0999,701.6475,30
2669,23.4794,1.868979,260.0999,701.6475,30
2671,23.4794,1.868979,260.0999,701.6475,30
2673,23.4794,1.868979,260.0999,701.6475,30
2675,23.4794,1.868979,260.0999,701.6475,30
2677,23.4794,1.868979,260.0999,701.6475,30
2679,23.4794,1.868979,260.0999,701.6475,30
2681,23.4794,1.868979,260.0999,701.6475,30
2683,23.4794,1.868979,260.0999,701.6475,30
2685,23.4794,1.868979,260.0999,701.6475,30
2687,23.4794,1.868979,260.0999,701.6475,30
2689,23.4794,1.868979,260.0999,701.6475,30
2691,23.4794,1.868979,260.0999,701.6475,30
2693,23.4794,1.868979,260.0999,701.6475,30
2695,23.4794,1.868979,260.0999,701.6475,30
2697,23.4794,1.868979,260.0999,701.6475,30
2699,23.4794,1.868979,260.0999,701.6475,30
2701,23.4794,1.868979,260.0999,701.6475,30
2703,23.4794,1.868979,260.0999,701.6475,30
2705,23.4794,1.868979,260.0999,701.6475,30
2707,23.4794,1.868979,260.0999,701.6475,30
2709,23.4794,1.868979,260.0999,701.6475,30
2711,23.4794,1.868979,260.0999,701.6475,30
2713,23.4794,1.868979,260.0999,701.6475,30
2715,23.4794,1.868979,260.0999,701.6475,30
2717,23.4794,1.868979,260.0999,701.6475,30
2719,23.4794,1.868979,260.0999,701.6475,30
2721,23.4794,1.868979,260.0999,701.6475,30
2723,23.4794,1.868979,260.0999,701.6475,30
2725,23.4794,1.868979,260.0999,701.6475,30
2727,23.4794,1.868979,260.0999,701.6475,30
2729,23.4794,1.868979,260.0999,701.6475,30
2731,23.4794,1.868979,260.0999,701.6475,30
2733,23.4794,1.868979,260.0999,701.6475,30
2735,23.4794,1.868979,260.0999,701.6475,30
2737,23.4794,1.868979,260.0999,701.6475,30
2739,23.4794,1.868979,260.0999,701.6475,30
2741,23.4794,1.868979,260.0999,701.6475,30
2743,23.4794,1.868979,260.0999,701.6475,30
2745,23.4794,1.868979,260.0999,701.6475,30
2747,23.4794,1.868979,260.0999,701.6475,30
2749,23.4794,1.868979,260.0999,701.6475,30
2751,23.4794,1.868979,260.0999,701.6475,30
2753,23.4794,1.868979,260.0999,701.6475,30
2755,23.4794,1.868979,260.0999,701.6475,30
2757,23.4794,1.868979,260.0999,701.6475,30
2759,23.4794,1.868979,260.0999,701.6475,30
2761,23.4794,1.868979,260.0999,701.6475,30
2763,23.4794,1.868979,260.0999,701.6475,30
2765,23.4794,1.868979,260.0999,701.6475,30
2767,23.4794,1.868979,260.0999,701.6475,30
2769,23.4794,1.868979,260.0999,701.6475,30
2771,23.4794,1.868979,260.0999,701.6475,30
2773,23.4794,1.868979,260.0999,701.6475,30
2775,23.4794,1.868979,260.0999,701.6475,30
2777,23.4794,1.868979,260.0999,701.6475,30
2779,23.4794,1.868979,260.0999,701.6475,30
2781,23.4794,1.868979,260.0999,701.6475,30
2783,23.4794,1.868979,260.0999,701.6475,30
2785,23.4794,1.868979,260.0999,701.6475,30
2787,23.4794,1.868979,260.0999,701.6475,30
2789,23.4794,1.868979,260.0999,701.6475,30
2791,23.4794,1.868979,260.0999,701.6475,30
2793,23.4794,1.868979,260.0999,701.6475,30
2795,23.4794,1.868979,260.0999,701.6475,30
2797,23.4794,1.868979,260.0999,701.6475,30
2799,23.4794,1.868979,260.0999,701.6475,30
2801,23.4794,1.868979,260.0999,701.6475,30
2803,23.4794,1.868979,260.0999,701.6475,30
2805,23.4794,1.868979,260.0999,701.6475,30
2807,23.4794,1.868979,260.0999,701.6475,30
2809,23.4794,1.868979,260.0999,701.6475,30
2811,23.4794,1.868979,260.0999,701.6475,30
2813,23.4794,1.868979,260.0999,701.6475,30
2815,23.4794,1.868979,260.0999,701.6475,30
2817,23.4794,1.868979,260.0999,701.6475,30
2819,23.4794,1.868979,260.0999,701.6475,30
2821,23.4794,1.868979,260.0999,701.6475,30
2823,23.4794,1.868979,260.0999,701.6475,30
2825,23.4794,1.868979,260.0999,701.6475,30
2827,23.4794,1.868979,260.0999,701.6475,30
2829,23.4794,1.868979,260.0999,701.6475,30
2831,23.4794,1.868979,260.0999,701.6475,30
2833,23.4794,1.868979,260.0999,701.6475,30
2835,23.4794,1.868979,260.0999,701.6475,30
2837,23.4794,1.868979,260.0999,701.6475,30
2839,23.4794,1.868979,260.0999,701.6475,30
2841,23.4794,1.868979,260.0999,701.6475,30
2843,23.4794,1.868979,260.0999,701.6475,30
2845,23.4794,1.868979,260.0999,701.6475,30
2847,23.4794,1.868979,260.0999,701.6475,30
2849,23.4794,1.868979,260.0999,701.6475,30
2851,23.4794,1.868979,260.0999,701.6475,30
2853,23.4794,1.868979,260.0999,701.6475,30
2855,23.4794,1.868979,260.0999,701.6475,30
2857,23.4794,1.868979,260.0999,701.6475,30
2859,23.4794,1.868979,260.0999,701.6475,30
2861,23.4794,1.868979,260.0999,701.6475,30
2863,23.4794,1.868979,260.0999,701.6475,30
2865,23.4794,1.868979,260.0999,701.6475,30
2867,23.4794,1.868979,260.0999,701.6475,30
2869,23.4794,1.868979,260.0999,701.6475,30
2871,23.4794,1.868979,260.0999,701.6475,30
2873,23.4794,1.868979,260.0999,701.6475,30
2875,23.4794,1.868979,260.0999,701.6475,30
2877,23.4794,1.868979,260.0999,701.6475,30
2879,23.4794,1.868979,260.0999,701.6475,30
2881,23.4794,1.868979,260.0999,701.6475,30
2883,23.4794,1.868979,260.0999,701.6475,30
2885,23.4794,1.868979,260.0999,701.6475,30
2887,23.4794,1.868979,260.0999,701.6475,30
2889,23.4794,1.868979,260.0999,701.6475,30
2891,23.4794,1.868979,260.0999,701.6475,30
2893,23.4794,1.868979,260.0999,701.6475,30
2895,23.4794,1.868979,260.0999,701.6475,30
2897,23.4794,1.868979,260.0999,701.6475,30
2899,23.4794,1.868979,260.0999,701.6475,30
2901,23.4794,1.868979,260.0999,701.6475,30
2903,23.4794,1.868979,260.0999,701.6475,30
2905,23.4794,1.868979,260.0999,701.6475,30
2907,23.4794,1.868979,260.0999,701.6475,30
2909,23.4794,1.868979,260.0999,701.6475,30
2911,23.4794,1.868979,260.0999,701.6475,30
2913,23.4794,1.868979,260.0999,701.6475,30
2915,23.4794,1.868979,260.0999,701.6475,30
2917,23.4794,1.868979,260.0999,701.6475,30
2919,23.4794,1.868979,260.0999,701.6475,30
2921,23.4794,1.868979,260.0999,701.6475,30
2923,23.4794,1.868979,260.0999,701.6475,30
2925,23.4794,1.868979,260.0999,701.6475,30
2927,23.4794,1.868979,260.0999,701.6475,30
2929,23.4794,1.868979,260.0999,701.6475,30
2931,23.4794,1.868979,260.0999,701.6475,30
2933,23.4794,1.868979,260.0999,701.6475,30
2935,23.4794,1.868979,260.0999,701.6475,30
2937,23.4794,1.868979,260.0999,701.6475,30
2939,23.4794,1.868979,260.0999,701.6475,30
2941,23.4794,1.868979,260.0999,701.6475,30
2943,23.4794,1.868979,260.0999,701.6475,30
2945,23.4794,1.868979,260.0999,701.6475,30
2947,23.4794,1.868979,260.0999,701.6475,30
2949,23.4794,1.868979,260.0999,701.6475,30
2951,23.4794,1.868979,260.0999,701.6475,30
2953,23.4794,1.868979,260.0999,701.6475,30
2955,23.4794,1.868979,260.0999,701.6475,30
2957,23.4794,1.868979,260.0999,701.6475,30
2959,23.4794,1.868979,260.0999,701.6475,30
2961,23.4794,1.868979,260.0999,701.6475,30
2963,23.4794,1.868979,260.0999,701.6475,30
2965,23.4794,1.868979,260.0999,701.6475,30
2967,23.4794,1.868979,260.0999,701.6475,30
2969,23.4794,1.868979,260.0999,701.6475,30
2971,23.4794,1.868979,260.0999,701.6475,30
2973,23.4794,1.868979,260.0999,701.6475,30
2975,23.4794,1.868979,260.0999,701.6475,30
2977,23.4794,1.868979,260.0999,701.6475,30
2979,23.4794,1.868979,260.0999,701.6475,30
2981,23.4794,1.868979,260.0999,701.6475,30
2983,23.4794,1.868979,260.0999,701.6475,30
2985,23.4794,1.868979,260.0999,701.6475,30
2987,23.4794,1.868979,260.0999,701.6475,30
2989,23.4794,1.868979,260.0999,701.6475,30
2991,23.4794,1.868979,260.0999,701.6475,30
2993,23.4794,1.868979,260.0999,701.6475,30
2995,23.4794,1.868979,260.0999,701.6475,30
2997,23.4794,1.868979,260.0999,701.6475,30
2999,23.4794,1.868979,260.0999,701.6475,30
3001,23.4794,1.868979,260.0999,701.6475,30
3003,23.4794,1.868979,260.0999,701.6475,30
3005,23.4794,1.868979,260.0999,701.6475,30
3007,23.4794,1.868979,260.0999,701.6475,30
3009,23.4794,1.868979,260.0999,701.6475,30
3011,23.4794,1.868979,260.0999,701.6475,30
3013,23.4794,1.868979,260.0999,701.6475,30
3015,23.4794,1.868979,260.0999,701.6475,30
3017,23.4794,1.868979,260.0999,701.6475,30
3019,23.4794,1.868979,260.0999,701.6475,30
3021,23.4794,1.868979,260.0999,701.6475,30
3023,23.4794,1.868979,260.0999,701.6475,30
3025,23.4794,1.868979,260.0999,701.6475,30
3027,23.4794,1.868979,260.0999,701.6475,30
3029,23.4794,1.868979,260.0999,701.6475,30
3031,23.4794,1.868979,260.0999,701.6475,30
3033,23.4794,1.868979,260.0999,701.6475,30
3035,23.4794,1.868979,260.0999,701.6475,30
3037,23.4794,1.868979,260.0999,701.6475,30
3039,23.4794,1.868979,260.0999,701.6475,30
3041,23.4794,1.868979,260.0999,701.6475,30
3043,23.4794,1.868979,260.0999,701.6475,30
3045,23.4794,1.868979,260.0999,701.6475,30
3047,23.4794,1.868979,260.0999,701.6475,30
3049,23.4794,1.868979,260.0999,701.6475,30
3051,23.4794,1.868979,260.0999,701.6475,30
3053,23.4794,1.868979,260.0999,701.6475,30
3055,23.4794,1.868979,260.0999,701.6475,30
3057,23.4794,1.868979,260.0999,701.6475,30
3059,23.4794,1.868979,260.0999,701.6475,30
3061,23.4794,1.868979,260.0999,701.6475,30
3063,23.4794,1.868979,260.0999,701.6475,30
3065,23.4794,1.868979,260.0999,701.6475,30
3067,23.4794,1.868979,260.0999,701.6475,30
3069,23.4794,1.868979,260.0999,701.6475,30
3071,23.4794,1.868979,260.0999,701.6475,30
3073,23.4794,1.868979,260.0999,701.6475,30
3075,23.4794,1.868979,260.0999,701.6475,30
3077,23.4794,1.868979,260.0999,701.6475,30
3079,23.4794,1.868979,260.0999,701.6475,30
3081,23.4794,1.868979,260.0999,701.6475,30
3083,23.4794,1.868979,260.0999,701.6475,30
3085,23.4794,1.868979,260.0999,701.6475,30
3087,23.4794,1.868979,260.0999,701.6475,30
3089,23.4794,1.868979,260.0999,701.6475,30
3091,23.4794,1.868979,260.0999,701.6475,30
3093,23.4794,1.868979,260.0999,701.6475,30
3095,23.4794,1.868979,260.0999,701.6475,30
3097,23.4794,1.868979,260.0999,701.6475,30
3099,23.4794,1.868979,260.0999,701.6475,30
3101,23.4794,1.868979,260.0999,701.6475,30
3103,23.4794,1.868979,260.0999,701.6475,30
3105,23.4794,1.868979,260.0999,701.6475,30
3107,23.4794,1.868979,260.0999,701.6475,30
3109,23.4794,1.868979,260.0999,701.6475,30
3111,23.4794,1.868979,260.0999,701.6475,30
3113,23.4794,1.868979,260.0999,701.6475,30
3115,23.4794,1.868979,260.0999,701.6475,30
3117,23.4794,1.868979,260.0999,701.6475,30
3119,23.4794,1.868979,260.0999,701.6475,30
3121,23.4794,1.868979,260.0999,701.6475,30
3123,23.4794,1.868979,260.0999,701.6475,30
3125,23.4794,1.868979,260.0999,701.6475,30
3127,23.4794,1.868979,260.0999,701.6475,30
3129,23.4794,1.868979,260.0999,701.6475,30
3131,23.4794,1.868979,260.0999,701.6475,30
3133,23.4794,1.868979,260.0999,701.6475,30
3135,23.4794,1.868979,260.0999,701.6475,30
3137,23.4794,1.868979,260.0999,701.6475,30
3139,23.4794,1.868979,260.0999,701.6475,30
3141,23.4794,1.868979,260.0999,701.6475,30
3143,23.4794,1.868979,260.0999,701.6475,30
3145,23.4794,1.868979,260.0999,701.6475,30
3147,23.4794,1.868979,260.0999,701.6475,30
3149,23.4794,1.868979,260.0999,701.6475,30
3151,23.4794,1.868979,260.0999,701.6475,30
3153,23.4794,1.868979,260.0999,701.6475,30
3155,23.4794,1.868979,260.0999,701.6475,30
3157,23.4794,1.868979,260.0999,701.6475,30
3159,23.4794,1.868979,260.0999,701.6475,30
3161,23.4794,1.868979,260.0999,701.6475,30
3163,23.4794,1.868979,260.0999,701.6475,30
3165,23.4794,1.868979,260.0999,701.6475,30
3167,23.4794,1.868979,260.0999,701.6475,30
3169,23.4794,1.868979,260.0999,701.6475,30
3171,23.4794,1.868979,260.0999,701.6475,30
3173,23.4794,1.868979,260.0999,701.6475,30
3175,23.4794,1.868979,260.0999,701.6475,30
3177,23.4794,1.868979,260.0999,701.6475,30
3179,23.4794,1.868979,260.0999,701.6475,30
3181,23.4794,1.868979,260.0999,701.6475,30
3183,23.4794,1.868979,260.0999,701.6475,30
3185,23.4794,1.868979,260.0999,701.6475,30
3187,23.4794,1.868979,260.0999,701.6475,30
3189,23.4794,1.868979,260.0999,701.6475,30
3191,23.4794,1.868979,260.0999,701.6475,30
3193,23.4794,1.868979,260.0999,701.6475,30
3195,23.4794,1.868979,260.0999,701.6475,30
3197,23.4794,1.868979,260.0999,701.6475,30
3199,23.4794,1.868979,260.0999,701.6475,30
3201,23.4794,1.868979,260.0999,701.6475,30
3203,23.4794,1.868979,260.0999,701.6475,30
3205,23.4794,1.868979,260.0999,701.6475,30
3207,23.4794,1.868979,260.0999,701.6475,30
3209,23.4794,1.868979,260.0999,701.6475,30
3211,23.4794,1.868979,260.0999,701.6475,30
3213,23.4794,1.868979,260.0999,701.6475,30
3215,23.4794,1.868979,260.0999,701.6475,30
3217,23.4794,1.868979,260.0999,701.6475,30
3219,23.4794,1.868979,260.0999,701.6475,30
3221,23.4794,1.868979,260.0999,701.6475,30
3223,23.4794,1.868979,260.0999,701.6475,30
3225,23.4794,1.868979,260.0999,701.6475,30
3227,23.4794,1.868979,260.0999,701.6475,30
3229,23.4794,1.868979,260.0999,701.6475,30
3231,23.4794,1.868979,260.0999,701.6475,30
3233,23.4794,1.868979,260.0999,701.6475,30
3235,23.4794,1.868979,260.0999,701.6475,30
3237,23.4794,1.868979,260.0999,701.6475,30
3239,23.4794,1.868979,260.0999,701.6475,30
3241,23.4794,1.868979,260.0999,701.6475,30
3243,23.4794,1.868979,260.0999,701.6475,30
3245,23.4794,1.868979,260.0999,701.6475,30
3247,23.4794,1.868979,260.0999,701.6475,30
3249,23.4794,1.868979,260.0999,701.6475,30
3251,23.4794,1.868979,260.0999,701.6475,30
3253,23.4794,1.868979,260.0999,701.6475,30
3255,23.4794,1.868979,260.0999,701.6475,30
3257,23.4794,1.868979,260.0999,701.6475,30
3259,23.4794,1.868979,260.0999,701.6475,30
3261,23.4794,1.868979,260.0999,701.6475,30
3263,23.4794,1.868979,260.0999,701.6475,30
3265,23.4794,1.868979,260.0999,701.6475,30
3267,23.4794,1.868979,260.0999,701.6475,30
3269,23.4794,1.868979,260.0999,701.6475,30
3271,23.4794,1.868979,260.0999,701.6475,30
3273,23.4794,1.868979,260.0999,701.6475,30
3275,23.4794,1.868979,260.0999,701.6475,30
3277,23.4794,1.868979,260.0999,701.6475,30
3279,23.4794,1.868979,260.0999,701.6475,30
3281,23.4794,1.868979,260.0999,701.6475,30
3283,23.4794,1.868979,260.0999,701.6475,30
3285,23.4794,1.868979,260.0999,701.6475,30
3287,23.4794,1.868979,260.0999,701.6475,30
3289,23.4794,1.868979,260.0999,701.6475,30
3291,23.4794,1.868979,260.0999,701.6475,30
3293,23.4794,1.868979,260.0999,701.6475,30
3295,23.4794,1.868979,260.0999,701.6475,30
3297,23.4794,1.868979,260.0999,701.6475,30
3299,23.4794,1.868979,260.0999,701.6475,30
3301,23.4794,1.868979,260.0999,701.6475,30
3303,23.4794,1.868979,260.0999,701.6475,30
3305,23.4794,1.868979,260.0999,701.6475,30
3307,23.4794,1.868979,260.0999,701.6475,30
3309,23.4794,1.868979,260.0999,701.6475,30
3311,23.4794,1.868979,260.0999,701.6475,30
3313,23.4794,1.868979,260.0999,701.6475,30
3315,23.4794,1.868979,260.0999,701.6475,30
3317,23.4794,1.868979,260.0999,701.6475,30
3319,23.4794,1.868979,260.0999,701.6475,30
3321,23.4794,1.868979,260.0999,701.6475,30
3323,23.4794,1.868979,260.0999,701.6475,30
3325,23.4794,1.868979,260.0999,701.6475,30
3327,23.4794,1.868979,260.0999,701.6475,30
3329,23.4794,1.868979,260.0999,701.6475,30
3331,23.4794,1.868979,260.0999,701.6475,30
3333,23.4794,1.868979,260.0999,701.6475,30
3335,23.4794,1.868979,260.0999,701.6475,30
3337,23.4794,1.868979,260.0999,701.6475,30
3339,23.4794,1.868979,260.0999,701.6475,30
3341,23.4794,1.868979,260.0999,701.6475,30
3343,23.4794,1.868979,260.0999,701.6475,30
3345,23.4794,1.868979,260.0999,701.6475,30
3347,23.4794,1.868979,260.0999,701.6475,30
3349,23.4794,1.868979,260.0999,701.6475,30
3351,23.4794,1.868979,260.0999,701.6475,30
3353,23.4794,1.868979,260.0999,701.6475,30
3355,23.4794,1.868979,260.0999,701.6475,30
3357,23.4794,1.868979,260.0999,701.6475,30
3359,23.4794,1.868979,260.0999,701.6475,30
3361,23.4794,1.868979,260.0999,701.6475,30
3363,23.4794,1.868979,260.0999,701.6475,30
3365,23.4794,1.868979,260.0999,701.6475,30
3367,23.4794,1.868979,260.0999,701.6475,30
3369,23.4794,1.868979,260.0999,701.6475,30
3371,23.4794,1.868979,260.0999,701.6475,30
3373,23.4794,1.868979,260.0999,701.6475,30
3375,23.4794,1.868979,260.0999,701.6475,30
3377,23.4794,1.868979,260.0999,701.6475,30
3379,23.4794,1.868979,260.0999,701.6475,30
3381,23.4794,1.868979,260.0999,701.6475,30
3383,23.4794,1.868979,260.0999,701.6475,30
3385,23.4794,1.868979,260.0999,701.6475,30
3387,23.4794,1.868979,260.0999,701.6475,30
3389,23.4794,1.868979,260.0999,701.6475,30
3391,23.4794,1.868979,260.0999,701.6475,30
3393,23.4794,1.868979,260.0999,701.6475,30
3395,23.4794,1.868979,260.0999,701.6475,30
3397,23.4794,1.868979,260.0999,701.6475,30
3399,23.4794,1.868979,260.0999,701.6475,30
3401,23.4794,1.868979,260.0999,701.6475,30
3403,23.4794,1.868979,260.0999,701.6475,30
3405,23.4794,1.868979,260.0999,701.6475,30
3407,23.4794,1.868979,260.0999,701.6475,30
3409,23.4794,1.868979,260.0999,701.6475,30
3411,23.4794,1.868979,260.0999,701.6475,30
3413,23.4794,1.868979,260.0999,701.6475,30
3415,23.4794,1.868979,260.0999,701.6475,30
3417,23.4794,1.868979,260.0999,701.6475,30
3419,23.4794,1.868979,260.0999,701.6475,30
3421,23.4794,1.868979,260.0999,701.6475,30
3423,23.4794,1.868979,260.0999,701.6475,30
3425,23.4794,1.868979,260.0999,701.6475,30
3427,23.4794,1.868979,260.0999,701.6475,30
3429,23.4794,1.868979,260.0999,701.6475,30
3431,23.4794,1.868979,260.0999,701.6475,30
3433,23.4794,1.868979,260.0999,701.6475,30
3435,23.4794,1.868979,260.0999,701.6475,30
3437,23.4794,1.868979,260.0999,701.6475,30
3439,23.4794,1.868979,260.0999,701.6475,30
3441,23.4794,1.868979,260.0999,701.6475,30
3443,23.4794,1.868979,260.0999,701.6475,30
3445,23.4794,1.868979,260.0999,701.6475,30
3447,23.4794,1.868979,260.0999,701.6475,30
3449,23.4794,1.868979,260.0999,701.6475,30
3451,23.4794,1.868979,260.0999,701.6475,30
3453,23.4794,1.868979,260.0999,701.6475,30
3455,23.4794,1.868979,260.0999,701.6475,30
3457,23.4794,1.868979,260.0999,701.6475,30
3459,23.4794,1.868979,260.0999,701.6475,30
3461,23.4794,1.868979,260.0999,701.6475,30
3463,23.4794,1.868979,260.0999,701.6475,30
3465,23.4794,1.868979,260.0999,701.6475,30
3467,23.4794,1.868979,260.0999,701.6475,30
3469,23.4794,1.868979,260.0999,701.6475,30
3471,23.4794,1.868979,260.0999,701.6475,30
3473,23.4794,1.868979,260.0999,701.6475,30
3475,23.4794,1.868979,260.0999,701.6475,30
3477,23.4794,1.868979,260.0999,701.6475,30
3479,23.4794,1.868979,260.0999,701.6475,30
3481,23.4794,1.868979,260.0999,701.6475,30
3483,23.4794,1.868979,260.0999,701.6475,30
3485,23.4794,1.868979,260.0999,701.6475,30
3487,23.4794,1.868979,260.0999,701.6475,30
3489,23.4794,1.868979,260.0999,701.6475,30
3491,23.4794,1.868979,260.0999,701.6475,30
3493,23.4794,1.868979,260.0999,701.6475,30
3495,23.4794,1.868979,260.0999,701.6475,30
3497,23.4794,1.868979,260.0999,701.6475,30
3499,23.4794,1.868979,260.0999,701.6475,30
3501,23.4794,1.868979,260.0999,701.6475,30
3503,23.4794,1.868979,260.0999,701.6475,30
3505,23.4794,1.868979,260.0999,701.6475,30
3507,23.4794,1.868979,260.0999,701.6475,30
3509,23.4794,1.868979,260.0999,701.6475,30
3511,23.4794,1.868979,260.0999,701.6475,30
3513,23.4794,1.868979,260.0999,701.6475,30
3515,23.4794,1.868979,260.0999,701.6475,30
3517,23.4794,1.868979,260.0999,701.6475,30
3519,23.4794,1.868979,260.0999,701.6475,30
3521,23.4794,1.868979,260.0999,701.6475,30
3523,23.4794,1.868979,260.0999,701.6475,30
3525,23.4794,1.868979,260.0999,701.6475,30
3527,23.4794,1.868979,260.0999,701.6475,30
3529,23.4794,1.868979,260.0999,701.6475,30
3531,23.4794,1.868979,260.0999,701.6475,30
3533,23.4794,1.868979,260.0999,701.6475,30
3535,23.4794,1.868979,260.0999,701.6475,30
3537,23.4794,1.868979,260.0999,701.6475,30
3539,23.4794,1.868979,260.0999,701.6475,30
3541,23.4794,1.868979,260.0999,701.6475,30
3543,23.4794,1.868979,260.0999,701.6475,30
3545,23.4794,1.868979,260.0999,701.6475,30
3547,23.4794,1.868979,260.0999,701.6475,30
3549,23.4794,1.868979,260.0999,701.6475,30
3551,23.4794,1.868979,260.0999,701.6475,30
3553,23.4794,1.868979,260.0999,701.6475,30
3555,23.4794,1.868979,260.0999,701.6475,30
3557,23.4794,1.868979,260.0999,701.6475,30
3559,23.4794,1.868979,260.0999,701.6475,30
3561,23.4794,1.868979,260.0999,701.6475,30
3563,23.4794,1.868979,260.0999,701.6475,30
3565,23.4794,1.868979,260.0999,701.6475,30
3567,23.4794,1.868979,260.0999,701.6475,30
3569,23.4794,1.868979,260.0999,701.6475,30
3571,23.4794,1.868979,260.0999,701.6475,30
3573,23.4794,1.868979,260.0999,701.6475,30
3575,23.4794,1.868979,260.0999,701.6475,30
3577,23.4794,1.868979,260.0999,701.6475,30
3579,23.4794,1.868979,260.0999,701.6475,30
3581,23.4794,1.868979,260.0999,701.6475,30
3583,23.4794,1.868979,260.0999,701.6475,30
3585,23.4794,1.868979,260.0999,701.6475,30
3587,23.4794,1.868979,260.0999,701.6475,30
3589,23.4794,1.868979,260.0999,701.6475,30
3591,23.4794,1.868979,260.0999,701.6475,30
3593,23.4794,1.868979,260.0999,701.6475,30
3595,23.4794,1.868979,260.0999,701.6475,30
3597,23.4794,1.868979,260.0999,701.6475,30
3599,23.4794,1.868979,260.0999,701.6475,30
3601,23.4794,1.868979,260.0999,701.6475,30
3603,23.4794,1.868979,260.0999,701.6475,30
3605,23.4794,1.868979,260.0999,701.6475,30
3607,23.4794,1.868979,260.0999,701.6475,30
3609,23.4794,1.868979,260.0999,701.6475,30
3611,23.4794,1.868979,260.0999,701.6475,30
3613,23.4794,1.868979,260.0999,701.6475,30
3615,23.4794,1.868979,260.0999,701.6475,30
3617,23.4794,1.868979,260.0999,701.6475,30
3619,23.4794,1.868979,260.0999,701.6475,30
3621,23.4794,1.868979,260.0999,701.6475,30
3623,23.4794,1.868979,260.0999,701.6475,30
3625,23.4794,1.868979,260.0999,701.6475,30
3627,23.4794,1.868979,260.0999,701.6475,30
3629,23.4794,1.868979,260.0999,701.6475,30
3631,23.4794,1.868979,260.0999,701.6475,30
3633,23.4794,1.868979,260.0999,701.6475,30
3635,23.4794,1.868979,260.0999,701.6475,30
3637,23.4794,1.868979,260.0999,701.6475,30
3639,23.4794,1.868979,260.0999,701.6475,30
3641,23.4794,1.868979,260.0999,701.6475,30
3643,23.4794,1.868979,260.0999,701.6475,30
3645,23.4794,1.868979,260.0999,701.6475,30
3647,23.4794,1.868979,260.0999,701.6475,30
3649,23.4794,1.868979,260.0999,701.6475,30
3651,23.4794,1.868979,260.0999,701.6475,30
3653,23.4794,1.868979,260.0999,701.6475,30
3655,23.4794,1.868979,260.0999,701.6475,30
3657,23.4794,1.868979,260.0999,701.6475,30
3659,23.4794,1.868979,260.0999,701.6475,30
3661,23.4794,1.868979,260.0999,701.6475,30
3663,23.4794,1.868979,260.0999,701.6475,30
3665,23.4794,1.868979,260.0999,701.6475,30
3667,23.4794,1.868979,260.0999,701.6475,30
3669,23.4794,1.868979,260.0999,701.6475,30
3671,23.4794,1.868979,260.0999,701.6475,30
3673,23.4794,1.868979,260.0999,701.6475,30
3675,23.4794,1.868979,260.0999,701.6475,30
3677,23.4794,1.868979,260.0999,701.6475,30
3679,23.4794,1.868979,260.0999,701.6475,30
3681,23.4794,1.868979,260.0999,701.6475,30
3683,23.4794,1.868979,260.0999,701.6475,30
3685,23.4794,1.868979,260.0999,701.6475,30
3687,23.4794,1.868979,260.0999,701.6475,30
3689,23.4794,1.868979,260.0999,701.6475,30
3691,23.4794,1.868979,260.0999,701.6475,30
3693,23.4794,1.868979,260.0999,701.6475,30
3695,23.4794,1.868979,260.0999,701.6475,30
3697,23.4794,1.868979,260.0999,701.6475,30
3699,23.4794,1.868979,260.0999,701.6475,30
3701,23.4794,1.868979,260.0999,701.6475,30
3703,23.4794,1.868979,260.0999,701.6475,30
3705,23.4794,1.868979,260.0999,701.6475,30
3707,23.4794,1.868979,260.0999,701.6475,30
3709,23.4794,1.868979,260.0999,701.6475,30
3711,23.4794,1.868979,260.0999,701.6475,30
3713,23.4794,1.868979,260.0999,701.6475,30
3715,23.4794,1.868979,260.0999,701.6475,30
3717,23.4794,1.868979,260.0999,701.6475,30
3719,23.4794,1.868979,260.0999,701.6475,30
3721,23.4794,1.868979,260.0999,701.6475,30
3723,23.4794,1.868979,260.0999,701.6475,30
3725,23.4794,1.868979,260.0999,701.6475,30
3727,23.4794,1.868979,260.0999,701.6475,30
3729,23.4794,1.868979,260.0999,701.6475,30
3731,23.4794,1.868979,260.0999,701.6475,30
3733,23.4794,1.868979,260.0999,701.6475,30
3735,23.4794,1.868979,260.0999,701.6475,30
3737,23.4794,1.868979,260.0999,701.6475,30
3739,23.4794,1.868979,260.0999,701.6475,30
3741,23.4794,1.868979,260.0999,701.6475,30
3743,23.4794,1.868979,260.0999,701.6475,30
3745,23.4794,1.868979,260.0999,701.6475,30
3747,23.4794,1.868979,260.0999,701.6475,30
3749,23.4794,1.868979,260.0999,701.6475,30
3751,23.4794,1.868979,260.0999,701.6475,30
3753,23.4794,1.868979,260.0999,701.6475,30
3755,23.4794,1.868979,260.0999,701.6475,30
3757,23.4794,1.868979,260.0999,701.6475,30
3759,23.4794,1.868979,260.0999,701.6475,30
3761,23.4794,1.868979,260.0999,701.6475,30
3763,23.4794,1.868979,260.0999,701.6475,30
3765,23.4794,1.868979,260.0999,701.6475,30
3767,23.4794,1.868979,260.0999,701.6475,30
3769,23.4794,1.868979,260.0999,701.6475,30
3771,23.4794,1.868979,260.0999,701.6475,30
3773,23.4794,1.868979,260.0999,701.6475,30
3775,23.4794,1.868979,260.0999,701.6475,30
3777,23.4794,1.868979,260.0999,701.6475,30
3779,23.4794,1.868979,260.0999,701.6475,30
3781,23.4794,1.868979,260.0999,701.6475,30
3783,23.4794,1.868979,260.0999,701.6475,30
3785,23.4794,1.868979,260.0999,701.6475,30
3787,23.4794,1.868979,260.0999,701.6475,30
3789,23.4794,1.868979,260.0999,701.6475,30
3791,23.4794,1.868979,260.0999,701.6475,30
3793,23.4794,1.868979,260.0999,701.6475,30
3795,23.4794,1.868979,260.0999,701.6475,30
3797,23.4794,1.868979,260.0999,701.6475,30
3799,23.4794,1.868979,260.0999,701.6475,30
3801,23.4794,1.868979,260.0999,701.6475,30
3803,23.4794,1.868979,260.0999,701.6475,30
3805,23.4794,1.868979,260.0999,701.6475,30
3807,23.4794,1.868979,260.0999,701.6475,30
3809,23.4794,1.868979,260.0999,701.6475,30
3811,23.4794,1.868979,260.0999,701.6475,30
3813,23.4794,1.868979,260.0999,701.6475,30
3815,23.4794,1.868979,260.0999,701.6475,30
3817,23.4794,1.868979,260.0999,701.6475,30
3819,23.4794,1.868979,260.0999,701.6475,30
3821,23.4794,1.868979,260.0999,701.6475,30
3823,23.4794,1.868979,260.0999,701.6475,30
3825,23.4794,1.868979,260.0999,701.6475,30
3827,23.4794,1.868979,260.0999,701.6475,30
3829,23.4794,1.868979,260.0999,701.6475,30
3831,23.4794,1.868979,260.0999,701.6475,30
3833,23.4794,1.868979,260.0999,701.6475,30
3835,23.4794,1.868979,260.0999,701.6475,30
3837,23.4794,1.868979,260.0999,701.6475,30
3839,23.4794,1.868979,260.0999,701.6475,30
3841,23.4794,1.868979,260.0999,701.6475,30
3843,23.4794,1.868979,260.0999,701.6475,30
3845,23.4794,1.868979,260.0999,701.6475,30
3847,23.4794,1.868979,260.0999,701.6475,30
3849,23.4794,1.868979,260.0999,701.6475,30
3851,23.4794,1.868979,260.0999,701.6475,30
3853,23.4794,1.868979,260.0999,701.6475,30
3855,23.4794,1.868979,260.0999,701.6475,30
3857,23.4794,1.868979,260.0999,701.6475,30
3859,23.4794,1.868979,260.0999,701.6475,30
3861,23.4794,1.868979,260.0999,701.6475,30
3863,23.4794,1.868979,260.0999,701.6475,30
3865,23.4794,1.868979,260.0999,701.6475,30
3867,23.4794,1.868979,260.0999,701.6475,30
3869,23.4794,1.868979,260.0999,701.6475,30
3871,23.4794,1.868979,260.0999,701.6475,30
3873,23.4794,1.868979,260.0999,701.6475,30
3875,23.4794,1.868979,260.0999,701.6475,30
3877,23.4794,1.868979,260.0999,701.6475,30
3879,23.4794,1.868979,260.0999,701.6475,30
3881,23.4794,1.868979,260.0999,701.6475,30
3883,23.4794,1.868979,260.0999,701.6475,30
3885,23.4794,1.868979,260.0999,701.6475,30
3887,23.4794,1.868979,260.0999,701.6475,30
3889,23.4794,1.868979,260.0999,701.6475,30
3891,23.4794,1.868979,260.0999,701.6475,30
3893,23.4794,1.868979,260.0999,701.6475,30
3895,23.4794,1.868979,260.0999,701.6475,30
3897,23.4794,1.868979,260.0999,701.6475,30
3899,23.4794,1.868979,260.0999,701.6475,30
3901,23.4794,1.868979,260.0999,701.6475,30
3903,23.4794,1.868979,260.0999,701.6475,30
3905,23.4794,1.868979,260.0999,701.6475,30
3907,23.4794,1.868979,260.0999,701.6475,30
3909,23.4794,1.868979,260.0999,701.6475,30
3911,23.4794,1.868979,260.0999,701.6475,30
3913,23.4794,1.868979,260.0999,701.6475,30
3915,23.4794,1.868979,260.0999,701.6475,30
3917,23.4794,1.868979,260.0999,701.6475,30
3919,23.4794,1.868979,260.0999,701.6475,30
3921,23.4794,1.868979,260.0999,701.6475,30
3923,23.4794,1.868979,260.0999,701.6475,30
3925,23.4794,1.868979,260.0999,701.6475,30
3927,23.4794,1.868979,260.0999,701.6475,30
3929,23.4794,1.868979,260.0999,701.6475,30
3931,23.4794,1.868979,260.0999,701.6475,30
3933,23.4794,1.868979,260.0999,701.6475,30
3935,23.4794,1.868979,260.0999,701.6475,30
3937,23.4794,1.868979,260.0999,701.6475,30
3939,23.4794,1.868979,260.0999,701.6475,30
3941,23.4794,1.868979,260.0999,701.6475,30
3943,23.4794,1.868979,260.0999,701.6475,30
3945,23.4794,1.868979,260.0999,701.6475,30
3947,23.4794,1.868979,260.0999,701.6475,30
3949,23.4794,1.868979,260.0999,701.6475,30
3951,23.4794,1.868979,260.0999,701.6475,30
3953,23.4794,1.868979,260.0999,701.6475,30
3955,23.4794,1.868979,260.0999,701.6475,30
3957,23.4794,1.868979,260.0999,701.6475,30
3959,23.4794,1.868979,260.0999,701.6475,30
3961,23.4794,1.868979,260.0999,701.6475,30
3963,23.4794,1.868979,260.0999,701.6475,30
3965,23.4794,1.868979,260.0999,701.6475,30
3967,23.4794,1.868979,260.0999,701.6475,30
3969,23.4794,1.868979,260.0999,701.6475,30
3971,23.4794,1.868979,260.0999,701.6475,30
3973,23.4794,1.868979,260.0999,701.6475,30
3975,23.4794,1.868979,260.0999,701.6475,30
3977,23.4794,1.868979,260.0999,701.6475,30
3979,23.4794,1.868979,260.0999,701.6475,30
3981,23.4794,1.868979,260.0999,701.6475,30
3983,23.4794,1.868979,260.0999,701.6475,30
3985,23.4794,1.868979,260.0999,701.6475,30
3987,23.4794,1.868979,260.0999,701.6475,30
3989,23.4794,1.868979,260.0999,701.6475,30
3991,23.4794,1.868979,260.0999,701.6475,30
3993,23.4794,1.868979,260.0999,701.6475,30
3995,23.4794,1.868979,260.0999,701.6475,30
3997,23.4794,1.868979,260.0999,701.6475,30
3999,23.4794,1.868979,260.0999,701.6475,30
4001,23.4794,1.868979,260.0999,701.6475,30
4003,23.4794,1.868979,260.0999,701.6475,30
4005,23.4794,1.868979,260.0999,701.6475,30
4007,23.4794,1.868979,260.0999,701.6475,30
4009,23.4794,1.868979,260.0999,701.6475,30
4011,23.4794,1.868979,260.0999,701.6475,30
4013,23.4794,1.868979,260.0999,701.6475,30
4015,23.4794,1.868979,260.0999,701.6475,30
4017,23.4794,1.868979,260.0999,701.6475,30
4019,23.4794,1.868979,260.0999,701.6475,30
4021,23.4794,1.868979,260.0999,701.6475,30
4023,23.4794,1.868979,260.0999,701.6475,30
4025,23.4794,1.868979,260.0999,701.6475,30
4027,23.4794,1.868979,260.0999,701.6475,30
4029,23.4794,1.868979,260.0999,701.6475,30
4031,23.4794,1.868979,260.0999,701.6475,30
4033,23.4794,1.868979,260.0999,701.6475,30
4035,23.4794,1.868979,260.0999,701.6475,30
4037,23.4794,1.868979,260.0999,701.6475,30
4039,23.4794,1.868979,260.0999,701.6475,30
4041,23.4794,1.868979,260.0999,701.6475,30
4043,23.4794,1.868979,260.0999,701.6475,30
4045,23.4794,1.868979,260.0999,701.6475,30
4047,23.4794,1.868979,260.0999,701.6475,30
4049,23.4794,1.868979,260.0999,701.6475,30
4051,23.4794,1.868979,260.0999,701.6475,30
4053,23.4794,1.868979,260.0999,701.6475,30
4055,23.4794,1.868979,260.0999,701.6475,30
4057,23.4794,1.868979,260.0999,701.6475,30
4059,23.4794,1.868979,260.0999,701.6475,30
4061,23.4794,1.868979,260.0999,701.6475,30
4063,23.4794,1.868979,260.0999,701.6475,30
4065,23.4794,1.868979,260.0999,701.6475,30
4067,23.4794,1.868979,260.0999,701.6475,30
4069,23.4794,1.868979,260.0999,701.6475,30
4071,23.4794,1.868979,260.0999,701.6475,30
4073,23.4794,1.868979,260.0999,701.6475,30
4075,23.4794,1.868979,260.0999,701.6475,30
4077,23.4794,1.868979,260.0999,701.6475,30
4079,23.4794,1.868979,260.0999,701.6475,30
4081,23.4794,1.868979,260.0999,701.6475,30
4083,23.4794,1.868979,260.0999,701.6475,30
4085,23.4794,1.868979,260.0999,701.6475,30
4087,23.4794,1.868979,260.0999,701.6475,30
4089,23.4794,1.868979,260.0999,701.6475,30
4091,23.4794,1.868979,260.0999,701.6475,30
4093,23.4794,1.868979,260.0999,701.6475,30
4095,23.4794,1.868979,260.0999,701.6475,30
4097,23.4794,1.868979,260.0999,701.6475,30
4099,23.4794,1.868979,260.0999,701.6475,30
4101,23.4794,1.868979,260.0999,701.6475,30
4103,23.4794,1.868979,260.0999,701.6475,30
4105,23.4794,1.868979,260.0999,701.6475,30
4107,23.4794,1.868979,260.0999,701.6475,30
4109,23.4794,1.868979,260.0999,701.6475,30
4111,23.4794,1.868979,260.0999,701.6475,30
4113,23.4794,1.868979,260.0999,701.6475,30
4115,23.4794,1.868979,260.0999,701.6475,30
4117,23.4794,1.868979,260.0999,701.6475,30
4119,23.4794,1.868979,260.0999,701.6475,30
4121,23.4794,1.868979,260.0999,701.6475,30
4123,23.4794,1.868979,260.0999,701.6475,30
4125,23.4794,1.868979,260.0999,701.6475,30
4127,23.4794,1.868979,260.0999,701.6475,30
4129,23.4794,1.868979,260.0999,701.6475,30
4131,23.4794,1.868979,260.0999,701.6475,30
4133,23.4794,1.868979,260.0999,701.6475,30
4135,23.4794,1.868979,260.0999,701.6475,30
4137,23.4794,1.868979,260.0999,701.6475,30
4139,23.4794,1.868979,260.0999,701.6475,30
4141,23.4794,1.868979,260.0999,701.6475,30
4143,23.4794,1.868979,260.0999,701.6475,30
4145,23.4794,1.868979,260.0999,701.6475,30
4147,23.4794,1.868979,260.0999,701.6475,30
4149,23.4794,1.868979,260.0999,701.6475,30
4151,23.4794,1.868979,260.0999,701.6475,30
4153,23.4794,1.868979,260.0999,701.6475,30
4155,23.4794,1.868979,260.0999,701.6475,30
4157,23.4794,1.868979,260.0999,701.6475,30
4159,23.4794,1.868979,260.0999,701.6475,30
4161,23.4794,1.868979,260.0999,701.6475,30
4163,23.4794,1.868979,260.0999,701.6475,30
4165,23.4794,1.868979,260.0999,701.6475,30
4167,23.4794,1.868979,260.0999,701.6475,30
4169,23.4794,1.868979,260.0999,701.6475,30
4171,23.4794,1.868979,260.0999,701.6475,30
4173,23.4794,1.868979,260.0999,701.6475,30
4175,23.4794,1.868979,260.0999,701.6475,30
4177,23.4794,1.868979,260.0999,701.6475,30
4179,23.4794,1.868979,260.0999,701.6475,30
4181,23.4794,1.868979,260.0999,701.6475,30
4183,23.4794,1.868979,260.0999,701.6475,30
4185,23.4794,1.868979,260.0999,701.6475,30
4187,23.4794,1.868979,260.0999,701.6475,30
4189,23.4794,1.868979,260.0999,701.6475,30
4191,23.4794,1.868979,260.0999,701.6475,30
4193,23.4794,1.868979,260.0999,701.6475,30
4195,23.4794,1.868979,260.0999,701.6475,30
4197,23.4794,1.868979,260.0999,701.6475,30
4199,23.4794,1.868979,260.0999,701.6475,30
4201,23.4794,1.868979,260.0999,701.6475,30
4203,23.4794,1.868979,260.0999,701.6475,30
4205,23.4794,1.868979,260.0999,701.6475,30
4207,23.4794,1.868979,260.0999,701.6475,30
4209,23.4794,1.868979,260.0999,701.6475,30
4211,23.4794,1.868979,260.0999,701.6475,30
4213,23.4794,1.868979,260.0999,701.6475,30
4215,23.4794,1.868979,260.0999,701.6475,30
4217,23.4794,1.868979,260.0999,701.6475,30
4219,23.4794,1.868979,260.0999,701.6475,30
4221,23.4794,1.868979,260.0999,701.6475,30
4223,23.4794,1.868979,260.0999,701.6475,30
4225,23.4794,1.868979,260.0999,701.6475,30
4227,23.4794,1.868979,260.0999,701.6475,30
4229,23.4794,1.868979,260.0999,701.6475,30
4231,23.4794,1.868979,260.0999,701.6475,30
4233,23.4794,1.868979,260.0999,701.6475,30
4235,23.4794,1.868979,260.0999,701.6475,30
4237,23.4794,1.868979,260.0999,701.6475,30
4239,23.4794,1.868979,260.0999,701.6475,30
4241,23.4794,1.868979,260.0999,701.6475,30
4243,23.4794,1.868979,260.0999,701.6475,30
4245,23.4794,1.868979,260.0999,701.6475,30
4247,23.4794,1.868979,260.0999,701.6475,30
4249,23.4794,1.868979,260.0999,701.6475,30
4251,23.4794,1.868979,260.0999,701.6475,30
4253,23.4794,1.868979,260.0999,701.6475,30
4255,23.4794,1.868979,260.0999,701.6475,30
4257,23.4794,1.868979,260.0999,701.6475,30
4259,23.4794,1.868979,260.0999,701.6475,30
4261,23.4794,1.868979,260.0999,701.6475,30
4263,23.4794,1.868979,260.0999,701.6475,30
4265,23.4794,1.868979,260.0999,701.6475,30
4267,23.4794,1.868979,260.0999,701.6475,30
4269,23.4794,1.868979,260.0999,701.6475,30
4271,23.4794,1.868979,260.0999,701.6475,30
4273,23.4794,1.868979,260.0999,701.6475,30
4275,23.4794,1.868979,260.0999,701.6475,30
4277,23.4794,1.868979,260.0999,701.6475,30
4279,23.4794,1.868979,260.0999,701.6475,30
4281,23.4794,1.868979,260.0999,701.6475,30
4283,23.4794,1.868979,260.0999,701.6475,30
4285,23.4794,1.868979,260.0999,701.6475,30
4287,23.4794,1.868979,260.0999,701.6475,30
4289,23.4794,1.868979,260.0999,701.6475,30
4291,23.4794,1.868979,260.0999,701.6475,30
4293,23.4794,1.868979,260.0999,701.6475,30
4295,23.4794,1.868979,260.0999,701.6475,30
4297,23.4794,1.868979,260.0999,701.6475,30
4299,23.4794,1.868979,260.0999,701.6475,30
4301,23.4794,1.868979,260.0999,701.6475,30
4303,23.4794,1.868979,260.0999,701.6475,30
4305,23.4794,1.868979,260.0999,701.6475,30
4307,23.4794,1.868979,260.0999,701.6475,30
4309,23.4794,1.868979,260.0999,701.6475,30
4311,23.4794,1.868979,260.0999,701.6475,30
4313,23.4794,1.868979,260.0999,701.6475,30
4315,23.4794,1.868979,260.0999,701.6475,30
4317,23.4794,1.868979,260.0999,701.6475,30
4319,23.4794,1.868979,260.0999,701.6475,30
4321,23.4794,1.868979,260.0999,701.6475,30
4323,23.4794,1.868979,260.0999,701.6475,30
4325,23.4794,1.868979,260.0999,701.6475,30
4327,23.4794,1.868979,260.0999,701.6475,30
4329,23.4794,1.868979,260.0999,701.6475,30
4331,23.4794,1.868979,260.0999,701.6475,30
4333,23.4794,1.868979,260.0999,701.6475,30
4335,23.4794,1.868979,260.0999,701.6475,30
4337,23.4794,1.868979,260.0999,701.6475,30
4339,23.4794,1.868979,260.0999,701.6475,30
4341,23.4794,1.868979,260.0999,701.6475,30
4343,23.4794,1.868979,260.0999,701.6475,30
4345,23.4794,1.868979,260.0999,701.6475,30
4347,23.4794,1.868979,260.0999,701.6475,30
4349,23.4794,1.868979,260.0999,701.6475,30
4351,23.4794,1.868979,260.0999,701.6475,30
4353,23.4794,1.868979,260.0999,701.6475,30
4355,23.4794,1.868979,260.0999,701.6475,30
4357,23.4794,1.868979,260.0999,701.6475,30
4359,23.4794,1.868979,260.0999,701.6475,30
4361,23.4794,1.868979,260.0999,701.6475,30
4363,23.4794,1.868979,260.0999,701.6475,30
4365,23.4794,1.868979,260.0999,701.6475,30
4367,23.4794,1.868979,260.0999,701.6475,30
4369,23.4794,1.868979,260.0999,701.6475,30
4371,23.4794,1.868979,260.0999,701.6475,30
4373,23.4794,1.868979,260.0999,701.6475,30
4375,23.4794,1.868979,260.0999,701.6475,30
4377,23.4794,1.868979,260.0999,701.6475,30
4379,23.4794,1.868979,260.0999,701.6475,30
4381,23.4794,1.868979,260.0999,701.6475,30
4383,23.4794,1.868979,260.0999,701.6475,30
4385,23.4794,1.868979,260.0999,701.6475,30
4387,23.4794,1.868979,260.0999,701.6475,30
4389,23.4794,1.868979,260.0999,701.6475,30
4391,23.4794,1.868979,260.0999,701.6475,30
4393,23.4794,1.868979,260.0999,701.6475,30
4395,23.4794,1.868979,260.0999,701.6475,30
4397,23.4794,1.868979,260.0999,701.6475,30
4399,23.4794,1.868979,260.0999,701.6475,30
4401,23.4794,1.868979,260.0999,701.6475,30
4403,23.4794,1.868979,260.0999,701.6475,30
4405,23.4794,1.868979,260.0999,701.6475,30
4407,23.4794,1.868979,260.0999,701.6475,30
4409,23.4794,1.868979,260.0999,701.6475,30
4411,23.4794,1.868979,260.0999,701.6475,30
4413,23.4794,1.868979,260.0999,701.6475,30
4415,23.4794,1.868979,260.0999,701.6475,30
4417,23.4794,1.868979,260.0999,701.6475,30
4419,23.4794,1.868979,260.0999,701.6475,30
4421,23.4794,1.868979,260.0999,701.6475,30
4423,23.4794,1.868979,260.0999,701.6475,30
4425,23.4794,1.868979,260.0999,701.6475,30
4427,23.4794,1.868979,260.0999,701.6475,30
4429,23.4794,1.868979,260.0999,701.6475,30
4431,23.4794,1.868979,260.0999,701.6475,30
4433,23.4794,1.868979,260.0999,701.6475,30
4435,23.4794,1.868979,260.0999,701.6475,30
4437,23.4794,1.868979,260.0999,701.6475,30
4439,23.4794,1.868979,260.0999,701.6475,30
4441,23.4794,1.868979,260.0999,701.6475,30
4443,23.4794,1.868979,260.0999,701.6475,30
4445,23.4794,1.868979,260.0999,701.6475,30
4447,23.4794,1.868979,260.0999,701.6475,30
4449,23.4794,1.868979,260.0999,701.6475,30
4451,23.4794,1.868979,260.0999,701.6475,30
4453,23.4794,1.868979,260.0999,701.6475,30
4455,23.4794,1.868979,260.0999,701.6475,30
4457,23.4794,1.868979,260.0999,701.6475,30
4459,23.4794,1.868979,260.0999,701.6475,30
4461,23.4794,1.868979,260.0999,701.6475,30
4463,23.4794,1.868979,260.0999,701.6475,30
4465,23.4794,1.868979,260.0999,701.6475,30
4467,23.4794,1.868979,260.0999,701.6475,30
4469,23.4794,1.868979,260.0999,701.6475,30
4471,23.4794,1.868979,260.0999,701.6475,30
4473,23.4794,1.868979,260.0999,701.6475,30
4475,23.4794,1.868979,260.0999,701.6475,30
4477,23.4794,1.868979,260.0999,701.6475,30
4479,23.4794,1.868979,260.0999,701.6475,30
4481,23.4794,1.868979,260.0999,701.6475,30
4483,23.4794,1.868979,260.0999,701.6475,30
4485,23.4794,1.868979,260.0999,701.6475,30
4487,23.4794,1.868979,260.0999,701.6475,30
4489,23.4794,1.868979,260.0999,701.6475,30
4491,23.4794,1.868979,260.0999,701.6475,30
4493,23.4794,1.868979,260.0999,701.6475,30
4495,23.4794,1.868979,260.0999,701.6475,30
4497,23.4794,1.868979,260.0999,701.6475,30
4499,23.4794,1.868979,260.0999,701.6475,30
4501,23.4794,1.868979,260.0999,701.6475,30
4503,23.4794,1.868979,260.0999,701.6475,30
4505,23.4794,1.868979,260.0999,701.6475,30
4507,23.4794,1.868979,260.0999,701.6475,30
4509,23.4794,1.868979,260.0999,701.6475,30
4511,23.4794,1.868979,260.0999,701.6475,30
4513,23.4794,1.868979,260.0999,701.6475,30
4515,23.4794,1.868979,260.0999,701.6475,30
4517,23.4794,1.868979,260.0999,701.6475,30
4519,23.4794,1.868979,260.0999,701.6475,30
4521,23.4794,1.868979,260.0999,701.6475,30
4523,23.4794,1.868979,260.0999,701.6475,30
4525,23.4794,1.868979,260.0999,701.6475,30
4527,23.4794,1.868979,260.0999,701.6475,30
4529,23.4794,1.868979,260.0999,701.6475,30
4531,23.4794,1.868979,260.0999,701.6475,30
4533,23.4794,1.868979,260.0999,701.6475,30
4535,23.4794,1.868979,260.0999,701.6475,30
4537,23.4794,1.868979,260.0999,701.6475,30
4539,23.4794,1.868979,260.0999,701.6475,30
4541,23.4794,1.868979,260.0999,701.6475,30
4543,23.4794,1.868979,260.0999,701.6475,30
4545,23.4794,1.868979,260.0999,701.6475,30
4547,23.4794,1.868979,260.0999,701.6475,30
4549,23.4794,1.868979,260.0999,701.6475,30
4551,23.4794,1.868979,260.0999,701.6475,30
4553,23.4794,1.868979,260.0999,701.6475,30
4555,23.4794,1.868979,260.0999,701.6475,30
4557,23.4794,1.868979,260.0999,701.6475,30
4559,23.4794,1.868979,260.0999,701.6475,30
4561,23.4794,1.868979,260.0999,701.6475,30
4563,23.4794,1.868979,260.0999,701.6475,30
4565,23.4794,1.868979,260.0999,701.6475,30
4567,23.4794,1.868979,260.0999,701.6475,30
4569,23.4794,1.868979,260.0999,701.6475,30
4571,23.4794,1.868979,260.0999,701.6475,30
4573,23.4794,1.868979,260.0999,701.6475,30
4575,23.4794,1.868979,260.0999,701.6475,30
4577,23.4794,1.868979,260.0999,701.6475,30
4579,23.4794,1.868979,260.0999,701.6475,30
4581,23.4794,1.868979,260.0999,701.6475,30
4583,23.4794,1.868979,260.0999,701.6475,30
4585,23.4794,1.868979,260.0999,701.6475,30
4587,23.4794,1.868979,260.0999,701.6475,30
4589,23.4794,1.868979,260.0999,701.6475,30
4591,23.4794,1.868979,260.0999,701.6475,30
4593,23.4794,1.868979,260.0999,701.6475,30
4595,23.4794,1.868979,260.0999,701.6475,30
4597,23.4794,1.868979,260.0999,701.6475,30
4599,23.4794,1.868979,260.0999,701.6475,30
4601,23.4794,1.868979,260.0999,701.6475,30
4603,23.4794,1.868979,260.0999,701.6475,30
4605,23.4794,1.868979,260.0999,701.6475,30
4607,23.4794,1.868979,260.0999,701.6475,30
4609,23.4794,1.868979,260.0999,701.6475,30
4611,23.4794,1.868979,260.0999,701.6475,30
4613,23.4794,1.868979,260.0999,701.6475,30
4615,23.4794,1.868979,260.0999,701.6475,30
4617,23.4794,1.868979,260.0999,701.6475,30
4619,23.4794,1.868979,260.0999,701.6475,30
4621,23.4794,1.868979,260.0999,701.6475,30
4623,23.4794,1.868979,260.0999,701.6475,30
4625,23.4794,1.868979,260.0999,701.6475,30
4627,23.4794,1.868979,260.0999,701.6475,30
4629,23.4794,1.868979,260.0999,701.6475,30
4631,23.4794,1.868979,260.0999,701.6475,30
4633,23.4794,1.868979,260.0999,701.6475,30
4635,23.4794,1.868979,260.0999,701.6475,30
4637,23.4794,1.868979,260.0999,701.6475,30
4639,23.4794,1.868979,260.0999,701.6475,30
4641,23.4794,1.868979,260.0999,701.6475,30
4643,23.4794,1.868979,260.0999,701.6475,30
4645,23.4794,1.868979,260.0999,701.6475,30
4647,23.4794,1.868979,260.0999,701.6475,30
4649,23.4794,1.868979,260.0999,701.6475,30
4651,23.4794,1.868979,260.0999,701.6475,30
4653,23.4794,1.868979,260.0999,701.6475,30
4655,23.4794,1.868979,260.0999,701.6475,30
4657,23.4794,1.868979,260.0999,701.6475,30
4659,23.4794,1.868979,260.0999,701.6475,30
4661,23.4794,1.868979,260.0999,701.6475,30
4663,23.4794,1.868979,260.0999,701.6475,30
4665,23.4794,1.868979,260.0999,701.6475,30
4667,23.4794,1.868979,260.0999,701.6475,30
4669,23.4794,1.868979,260.0999,701.6475,30
4671,23.4794,1.868979,260.0999,701.6475,30
4673,23.4794,1.868979,260.0999,701.6475,30
4675,23.4794,1.868979,260.0999,701.6475,30
4677,23.4794,1.868979,260.0999,701.6475,30
4679,23.4794,1.868979,260.0999,701.6475,30
4681,23.4794,1.868979,260.0999,701.6475,30
4683,23.4794,1.868979,260.0999,701.6475,30
4685,23.4794,1.868979,260.0999,701.6475,30
4687,23.4794,1.868979,260.0999,701.6475,30
4689,23.4794,1.868979,260.0999,701.6475,30
4691,23.4794,1.868979,260.0999,701.6475,30
4693,23.4794,1.868979,260.0999,701.6475,30
4695,23.4794,1.868979,260.0999,701.6475,30
4697,23.4794,1.868979,260.0999,701.6475,30
4699,23.4794,1.868979,260.0999,701.6475,30
4701,23.4794,1.868979,260.0999,701.6475,30
4703,23.4794,1.868979,260.0999,701.6475,30
4705,23.4794,1.868979,260.0999,701.6475,30
4707,23.4794,1.868979,260.0999,701.6475,30
4709,23.4794,1.868979,260.0999,701.6475,30
4711,23.4794,1.868979,260.0999,701.6475,30
4713,23.4794,1.868979,260.0999,701.6475,30
4715,23.4794,1.868979,260.0999,701.6475,30
4717,23.4794,1.868979,260.0999,701.6475,30
4719,23.4794,1.868979,260.0999,701.6475,30
4721,23.4794,1.868979,260.0999,701.6475,30
4723,23.4794,1.868979,260.0999,701.6475,30
4725,23.4794,1.868979,260.0999,701.6475,30
4727,23.4794,1.868979,260.0999,701.6475,30
4729,23.4794,1.868979,260.0999,701.6475,30
4731,23.4794,1.868979,260.0999,701.6475,30
4733,23.4794,1.868979,260.0999,701.6475,30
4735,23.4794,1.868979,260.0999,701.6475,30
4737,23.4794,1.868979,260.0999,701.6475,30
4739,23.4794,1.868979,260.0999,701.6475,30
4741,23.4794,1.868979,260.0999,701.6475,30
4743,23.4794,1.868979,260.0999,701.6475,30
4745,23.4794,1.868979,260.0999,701.6475,30
4747,23.4794,1.868979,260.0999,701.6475,30
4749,23.4794,1.868979,260.0999,701.6475,30
4751,23.4794,1.868979,260.0999,701.6475,30
4753,23.4794,1.868979,260.0999,701.6475,30
4755,23.4794,1.868979,260.0999,701.6475,30
4757,23.4794,1.868979,260.0999,701.6475,30
4759,23.4794,1.868979,260.0999,701.6475,30
4761,23.4794,1.868979,260.0999,701.6475,30
4763,23.4794,1.868979,260.0999,701.6475,30
4765,23.4794,1.868979,260.0999,701.6475,30
4767,23.4794,1.868979,260.0999,701.6475,30
4769,23.4794,1.868979,260.0999,701.6475,30
4771,23.4794,1.868979,260.0999,701.6475,30
4773,23.4794,1.868979,260.0999,701.6475,30
4775,23.4794,1.868979,260.0999,701.6475,30
4777,23.4794,1.868979,260.0999,701.6475,30
4779,23.4794,1.868979,260.0999,701.6475,30
4781,23.4794,1.868979,260.0999,701.6475,30
4783,23.4794,1.868979,260.0999,701.6475,30
4785,23.4794,1.868979,260.0999,701.6475,30
4787,23.4794,1.868979,260.0999,701.6475,30
4789,23.4794,1.868979,260.0999,701.6475,30
4791,23.4794,1.868979,260.0999,701.6475,30
4793,23.4794,1.868979,260.0999,701.6475,30
4795,23.4794,1.868979,260.0999,701.6475,30
4797,23.4794,1.868979,260.0999,701.6475,30
4799,23.4794,1.868979,260.0999,701.6475,30
4801,23.4794,1.868979,260.0999,701.6475,30
4803,23.4794,1.868979,260.0999,701.6475,30
4805,23.4794,1.868979,260.0999,701.6475,30
4807,23.4794,1.868979,260.0999,701.6475,30
4809,23.4794,1.868979,260.0999,701.6475,30
4811,23.4794,1.868979,260.0999,701.6475,30
4813,23.4794,1.868979,260.0999,701.6475,30
4815,23.4794,1.868979,260.0999,701.6475,30
4817,23.4794,1.868979,260.0999,701.6475,30
4819,23.4794,1.868979,260.0999,701.6475,30
4821,23.4794,1.868979,260.0999,701.6475,30
4823,23.4794,1.868979,260.0999,701.6475,30
4825,23.4794,1.868979,260.0999,701.6475,30
4827,23.4794,1.868979,260.0999,701.6475,30
4829,23.4794,1.868979,260.0999,701.6475,30
4831,23.4794,1.868979,260.0999,701.6475,30
4833,23.4794,1.868979,260.0999,701.6475,30
4835,23.4794,1.868979,260.0999,701.6475,30
4837,23.4794,1.868979,260.0999,701.6475,30
4839,23.4794,1.868979,260.0999,701.6475,30
4841,23.4794,1.868979,260.0999,701.6475,30
4843,23.4794,1.868979,260.0999,701.6475,30
4845,23.4794,1.868979,260.0999,701.6475,30
4847,23.4794,1.868979,260.0999,701.6475,30
4849,23.4794,1.868979,260.0999,701.6475,30
4851,23.4794,1.868979,260.0999,701.6475,30
4853,23.4794,1.868979,260.0999,701.6475,30
4855,23.4794,1.868979,260.0999,701.6475,30
4857,23.4794,1.868979,260.0999,701.6475,30
4859,23.4794,1.868979,260.0999,701.6475,30
4861,23.4794,1.868979,260.0999,701.6475,30
4863,23.4794,1.868979,260.0999,701.6475,30
4865,23.4794,1.868979,260.0999,701.6475,30
4867,23.4794,1.868979,260.0999,701.6475,30
4869,23.4794,1.868979,260.0999,701.6475,30
4871,23.4794,1.868979,260.0999,701.6475,30
4873,23.4794,1.868979,260.0999,701.6475,30
4875,23.4794,1.868979,260.0999,701.6475,30
4877,23.4794,1.868979,260.0999,701.6475,30
4879,23.4794,1.868979,260.0999,701.6475,30
4881,23.4794,1.868979,260.0999,701.6475,30
4883,23.4794,1.868979,260.0999,701.6475,30
4885,23.4794,1.868979,260.0999,701.6475,30
4887,23.4794,1.868979,260.0999,701.6475,30
4889,23.4794,1.868979,260.0999,701.6475,30
4891,23.4794,1.868979,260.0999,701.6475,30
4893,23.4794,1.868979,260.0999,701.6475,30
4895,23.4794,1.868979,260.0999,701.6475,30
4897,23.4794,1.868979,260.0999,701.6475,30
4899,23.4794,1.868979,260.0999,701.6475,30
4901,23.4794,1.868979,260.0999,701.6475,30
4903,23.4794,1.868979,260.0999,701.6475,30
4905,23.4794,1.868979,260.0999,701.6475,30
4907,23.4794,1.868979,260.0999,701.6475,30
4909,23.4794,1.868979,260.0999,701.6475,30
4911,23.4794,1.868979,260.0999,701.6475,30
4913,23.4794,1.868979,260.0999,701.6475,30
4915,23.4794,1.868979,260.0999,701.6475,30
4917,23.4794,1.868979,260.0999,701.6475,30
4919,23.4794,1.868979,260.0999,701.6475,30
4921,23.4794,1.868979,260.0999,701.6475,30
4923,23.4794,1.868979,260.0999,701.6475,30
4925,23.4794,1.868979,260.0999,701.6475,30
4927,23.4794,1.868979,260.0999,701.6475,30
4929,23.4794,1.868979,260.0999,701.6475,30
4931,23.4794,1.868979,260.0999,701.6475,30
4933,23.4794,1.868979,260.0999,701.6475,30
4935,23.4794,1.868979,260.0999,701.6475,30
4937,23.4794,1.868979,260.0999,701.6475,30
4939,23.4794,1.868979,260.0999,701.6475,30
4941,23.4794,1.868979,260.0999,701.6475,30
4943,23.4794,1.868979,260.0999,701.6475,30
4945,23.4794,1.868979,260.0999,701.6475,30
4947,23.4794,1.868979,260.0999,701.6475,30
4949,23.4794,1.868979,260.0999,701.6475,30
4951,23.4794,1.868979,260.0999,701.6475,30
4953,23.4794,1.868979,260.0999,701.6475,30
4955,23.4794,1.868979,260.0999,701.6475,30
4957,23.4794,1.868979,260.0999,701.6475,30
4959,23.4794,1.868979,260.0999,701.6475,30
4961,23.4794,1.868979,260.0999,701.6475,30
4963,23.4794,1.868979,260.0999,701.6475,30
4965,23.4794,1.868979,260.0999,701.6475,30
4967,23.4794,1.868979,260.0999,701.6475,30
4969,23.4794,1.868979,260.0999,701.6475,30
4971,23.4794,1.868979,260.0999,701.6475,30
4973,23.4794,1.868979,260.0999,701.6475,30
4975,23.4794,1.868979,260.0999,701.6475,30
4977,23.4794,1.868979,260.0999,701.6475,30
4979,23.4794,1.868979,260.0999,701.6475,30
4981,23.4794,1.868979,260.0999,701.6475,30
4983,23.4794,1.868979,260.0999,701.6475,30
4985,23.4794,1.868979,260.0999,701.6475,30
4987,23.4794,1.868979,260.0999,701.6475,30
4989,23.4794,1.868979,260.0999,701.6475,30
4991,23.4794,1.868979,260.0999,701.6475,30
4993,23.4794,1.868979,260.0999,701.6475,30
4995,23.4794,1.868979,260.0999,701.6475,30
4997,23.4794,1.868979,260.0999,701.6475,30
4999,23.4794,1.868979,260.0999,701.6475,30
5001,23.4794,1.868979,260.0999,701.6475,30
5003,23.4794,1.868979,260.0999,701.6475,30
5005,23.4794,1.868979,260.0999,701.6475,30
5007,23.4794,1.868979,260.0999,701.6475,30
5009,23.4794,1.868979,260.0999,701.6475,30
5011,23.4794,1.868979,260.0999,701.6475,30
5013,23.4794,1.868979,260.0999,701.6475,30
5015,23.4794,1.868979,260.0999,701.6475,30
5017,23.4794,1.868979,260.0999,701.6475,30
5019,23.4794,1.868979,260.0999,701.6475,30
5021,23.4794,1.868979,260.0999,701.6475,30
5023,23.4794,1.868979,260.0999,701.6475,30
5025,23.4794,1.868979,260.0999,701.6475,30
5027,23.4794,1.868979,260.0999,701.6475,30
5029,23.4794,1.868979,260.0999,701.6475,30
5031,23.4794,1.868979,260.0999,701.6475,30
5033,23.4794,1.868979,260.0999,701.6475,30
5035,23.4794,1.868979,260.0999,701.6475,30
5037,23.4794,1.868979,260.0999,701.6475,30
5039,23.4794,1.868979,260.0999,701.6475,30
5041,23.4794,1.868979,260.0999,701.6475,30
5043,23.4794,1.868979,260.0999,701.6475,30
5045,23.4794,1.868979,260.0999,701.6475,30
5047,23.4794,1.868979,260.0999,701.6475,30
5049,23.4794,1.868979,260.0999,701.6475,30
5051,23.4794,1.868979,260.0999,701.6475,30
5053,23.4794,1.868979,260.0999,701.6475,30
5055,23.4794,1.868979,260.0999,701.6475,30
5057,23.4794,1.868979,260.0999,701.6475,30
5059,23.4794,1.868979,260.0999,701.6475,30
5061,23.4794,1.868979,260.0999,701.6475,30
5063,23.4794,1.868979,260.0999,701.6475,30
5065,23.4794,1.868979,260.0999,701.6475,30
5067,23.4794,1.868979,260.0999,701.6475,30
5069,23.4794,1.868979,260.0999,701.6475,30
5071,23.4794,1.868979,260.0999,701.6475,30
5073,23.4794,1.868979,260.0999,701.6475,30
5075,23.4794,1.868979,260.0999,701.6475,30
5077,23.4794,1.868979,260.0999,701.6475,30
5079,23.4794,1.868979,260.0999,701.6475,30
5081,23.4794,1.868979,260.0999,701.6475,30
5083,23.4794,1.868979,260.0999,701.6475,30
5085,23.4794,1.868979,260.0999,701.6475,30
5087,23.4794,1.868979,260.0999,701.6475,30
5089,23.4794,1.868979,260.0999,701.6475,30
5091,23.4794,1.868979,260.0999,701.6475,30
5093,23.4794,1.868979,260.0999,701.6475,30
5095,23.4794,1.868979,260.0999,701.6475,30
5097,23.4794,1.868979,260.0999,701.6475,30
5099,23.4794,1.868979,260.0999,701.6475,30
5101,23.4794,1.868979,260.0999,701.6475,30
5103,23.4794,1.868979,260.0999,701.6475,30
5105,23.4794,1.868979,260.0999,701.6475,30
5107,23.4794,1.868979,260.0999,701.6475,30
5109,23.4794,1.868979,260.0999,701.6475,30
5111,23.4794,1.868979,260.0999,701.6475,30
5113,23.4794,1.868979,260.0999,701.6475,30
5115,23.4794,1.868979,260.0999,701.6475,30
5117,23.4794,1.868979,260.0999,701.6475,30
5119,23.4794,1.868979,260.0999,701.6475,30
5121,23.4794,1.868979,260.0999,701.6475,30
5123,23.4794,1.868979,260.0999,701.6475,30
5125,23.4794,1.868979,260.0999,701.6475,30
5127,23.4794,1.868979,260.0999,701.6475,30
5129,23.4794,1.868979,260.0999,701.6475,30
5131,23.4794,1.868979,260.0999,701.6475,30
5133,23.4794,1.868979,260.0999,701.6475,30
5135,23.4794,1.868979,260.0999,701.6475,30
5137,23.4794,1.868979,260.0999,701.6475,30
5139,23.4794,1.868979,260.0999,701.6475,30
5141,23.4794,1.868979,260.0999,701.6475,30
5143,23.4794,1.868979,260.0999,701.6475,30
5145,23.4794,1.868979,260.0999,701.6475,30
5147,23.4794,1.868979,260.0999,701.6475,30
5149,23.4794,1.868979,260.0999,701.6475,30
5151,23.4794,1.868979,260.0999,701.6475,30
5153,23.4794,1.868979,260.0999,701.6475,30
5155,23.4794,1.868979,260.0999,701.6475,30
5157,23.4794,1.868979,260.0999,701.6475,30
5159,23.4794,1.868979,260.0999,701.6475,30
5161,23.4794,1.868979,260.0999,701.6475,30
5163,23.4794,1.868979,260.0999,701.6475,30
5165,23.4794,1.868979,260.0999,701.6475,30
5167,23.4794,1.868979,260.0999,701.6475,30
5169,23.4794,1.868979,260.0999,701.6475,30
5171,23.4794,1.868979,260.0999,701.6475,30
5173,23.4794,1.868979,260.0999,701.6475,30
5175,23.4794,1.868979,260.0999,701.6475,30
5177,23.4794,1.868979,260.0999,701.6475,30
5179,23.4794,1.868979,260.0999,701.6475,30
5181,23.4794,1.868979,260.0999,701.6475,30
5183,23.4794,1.868979,260.0999,701.6475,30
5185,23.4794,1.868979,260.0999,701.6475,30
5187,23.4794,1.868979,260.0999,701.6475,30
5189,23.4794,1.868979,260.0999,701.6475,30
5191,23.4794,1.868979,260.0999,701.6475,30
5193,23.4794,1.868979,260.0999,701.6475,30
5195,23.4794,1.868979,260.0999,701.6475,30
5197,23.4794,1.868979,260.0999,701.6475,30
5199,23.4794,1.868979,260.0999,701.6475,30
5201,23.4794,1.868979,260.0999,701.6475,30
5203,23.4794,1.868979,260.0999,701.6475,30
5205,23.4794,1.868979,260.0999,701.6475,30
5207,23.4794,1.868979,260.0999,701.6475,30
5209,23.4794,1.868979,260.0999,701.6475,30
5211,23.4794,1.868979,260.0999,701.6475,30
5213,23.4794,1.868979,260.0999,701.6475,30
5215,23.4794,1.868979,260.0999,701.6475,30
5217,23.4794,1.868979,260.0999,701.6475,30
5219,23.4794,1.868979,260.0999,701.6475,30
5221,23.4794,1.868979,260.0999,701.6475,30
5223,23.4794,1.868979,260.0999,701.6475,30
5225,23.4794,1.868979,260.0999,701.6475,30
5227,23.4794,1.868979,260.0999,701.6475,30
5229,23.4794,1.868979,260.0999,701.6475,30
5231,23.4794,1.868979,260.0999,701.6475,30
5233,23.4794,1.868979,260.0999,701.6475,30
5235,23.4794,1.868979,260.0999,701.6475,30
5237,23.4794,1.868979,260.0999,701.6475,30
5239,23.4794,1.868979,260.0999,701.6475,30
5241,23.4794,1.868979,260.0999,701.6475,30
5243,23.4794,1.868979,260.0999,701.6475,30
5245,23.4794,1.868979,260.0999,701.6475,30
5247,23.4794,1.868979,260.0999,701.6475,30
5249,23.4794,1.868979,260.0999,701.6475,30
5251,23.4794,1.868979,260.0999,701.6475,30
5253,23.4794,1.868979,260.0999,701.6475,30
5255,23.4794,1.868979,260.0999,701.6475,30
5257,23.4794,1.868979,260.0999,701.6475,30
5259,23.4794,1.868979,260.0999,701.6475,30
5261,23.4794,1.868979,260.0999,701.6475,30
5263,23.4794,1.868979,260.0999,701.6475,30
5265,23.4794,1.868979,260.0999,701.6475,30
5267,23.4794,1.868979,260.0999,701.6475,30
5269,23.4794,1.868979,260.0999,701.6475,30
5271,23.4794,1.868979,260.0999,701.6475,30
5273,23.4794,1.868979,260.0999,701.6475,30
5275,23.4794,1.868979,260.0999,701.6475,30
5277,23.4794,1.868979,260.0999,701.6475,30
5279,23.4794,1.868979,260.0999,701.6475,30
5281,23.4794,1.868979,260.0999,701.6475,30
5283,23.4794,1.868979,260.0999,701.6475,30
5285,23.4794,1.868979,260.0999,701.6475,30
5287,23.4794,1.868979,260.0999,701.6475,30
5289,23.4794,1.868979,260.0999,701.6475,30
5291,23.4794,1.868979,260.0999,701.6475,30
5293,23.4794,1.868979,260.0999,701.6475,30
5295,23.4794,1.868979,260.0999,701.6475,30
5297,23.4794,1.868979,260.0999,701.6475,30
5299,23.4794,1.868979,260.0999,701.6475,30
5301,23.4794,1.868979,260.0999,701.6475,30
5303,23.4794,1.868979,260.0999,701.6475,30
5305,23.4794,1.868979,260.0999,701.6475,30
5307,23.4794,1.868979,260.0999,701.6475,30
5309,23.4794,1.868979,260.0999,701.6475,30
5311,23.4794,1.868979,260.0999,701.6475,30
5313,23.4794,1.868979,260.0999,701.6475,30
5315,23.4794,1.868979,260.0999,701.6475,30
5317,23.4794,1.868979,260.0999,701.6475,30
5319,23.4794,1.868979,260.0999,701.6475,30
5321,23.4794,1.868979,260.0999,701.6475,30
5323,23.4794,1.868979,260.0999,701.6475,30
5325,23.4794,1.868979,260.0999,701.6475,30
5327,23.4794,1.868979,260.0999,701.6475,30
5329,23.4794,1.868979,260.0999,701.6475,30
5331,23.4794,1.868979,260.0999,701.6475,30
5333,23.4794,1.868979,260.0999,701.6475,30
5335,23.4794,1.868979,260.0999,701.6475,30
5337,23.4794,1.868979,260.0999,701.6475,30
5339,23.4794,1.868979,260.0999,701.6475,30
5341,23.4794,1.868979,260.0999,701.6475,30
5343,23.4794,1.868979,260.0999,701.6475,30
5345,23.4794,1.868979,260.0999,701.6475,30
5347,23.4794,1.868979,260.0999,701.6475,30
5349,23.4794,1.868979,260.0999,701.6475,30
